5 0 10 1' 0 3.2
5 10 16 50" 2.5 4
5 16 25 40" 3.2 5
5 25 40 32" 4 6.3
5 40 63 26" 5 8
5 63 100 20" 6.3 10
5 100 160 16" 8 12.5
5 160 250 12" 10 16
5 250 400 10" 12.5 20
5 400 630 7" 16 25
5 630 1000 6" 20 32
5 1000 1600 5" 25 40
5 1600 2500 4" 32 50
6 0 10 1'40" 0 5
6 10 16 1'20" 4 6.3
6 16 25 1' 5 8
6 25 40 50" 6.3 10
6 40 63 40" 8 12.5
6 63 100 32" 10 16
6 100 160 26" 12.5 20
6 160 250 20" 16 25
6 250 400 16" 20 32
6 400 630 12" 25 40
6 630 1000 10" 32 50
6 1000 1600 8" 40 63
6 1600 2500 6" 50 80
7 0 10 2'30" 0 8
7 10 16 2' 6.3 10
7 16 25 1'40" 8 12.5
7 25 40 1'20" 10 16
7 40 63 1' 12.5 20
7 63 100 50" 16 25
7 100 160 40" 20 32
7 160 250 32" 25 40
7 250 400 26" 32 50
7 400 630 20" 40 63
7 630 1000 16" 50 80
7 1000 1600 12" 63 100
7 1600 2500 10" 80 125
8 0 10 4' 0 12.5
8 10 16 3' 10 16
8 16 25 2'30" 12.5 20
8 25 40 2' 16 25
8 40 63 1'40" 20 32
8 63 100 1'20" 25 40
8 100 160 1' 32 50
8 160 250 50" 40 63
8 250 400 40" 50 80
8 400 630 32" 63 100
8 630 1000 26" 80 125
8 1000 1600 20" 100 160
8 1600 2500 16" 125 200
9 0 10 6' 0 20
9 10 16 5' 16 25
9 16 25 4' 20 32
9 25 40 3' 25 40
9 40 63 2'30" 32 50
9 63 100 2' 40 63
9 100 160 1'40" 50 80
9 160 250 1'20" 63 100
9 250 400 1' 80 125
9 400 630 50" 100 160
9 630 1000 40" 125 200
9 1000 1600 32" 160 250
9 1600 2500 26" 200 320
10 0 10 10' 0 32
10 10 16 8' 25 40
10 16 25 6' 32 45
10 25 40 5' 40 63
10 40 63 4' 50 80
10 63 100 3' 63 100
10 100 160 2'30" 80 125
10 160 250 2' 100 160
10 250 400 1'40" 125 200
10 400 630 1'20" 160 250
10 630 1000 1' 200 320
10 1000 1600 50" 250 400
10 1600 2500 40" 320 500
11 0 10 16' 0 50
11 10 16 12' 40 63
11 16 25 10 50 80
11 25 40 8' 63 100
11 40 63 6' 80 125
11 63 100 5' 100 160
11 100 160 4' 125 200
11 160 250 3' 260 250
11 250 400 2'30" 200 320
11 400 630 2' 250 400
11 630 1000 1'40" 320 500
11 1000 1600 1'20" 400 630
11 1600 2500 1 500 800
12 0 10 26' 0 80
12 10 16 20' 63 100
12 16 25 16' 80 125
12 25 40 12' 100 160
12 40 63 10' 125 200
12 63 100 8' 160 250
12 100 160 6' 200 320
12 160 250 5' 250 400
12 250 400 4' 320 500
12 400 630 3' 400 630
12 630 1000 2'30" 500 800
12 1000 1600 2' 630 1000
12 1600 2500 1'40" 800 1260
13 0 10 40' 0 125
13 10 16 32' 100 160
13 16 25 26' 125 200
13 25 40 20' 160 250
13 40 63 16' 200 320
13 63 100 12' 250 400
13 100 160 10' 320 500
13 160 250 8' 400 630
13 250 400 6' 500 800
13 400 630 5' 630 1000
13 630 1000 4' 800 1250
13 1000 1600 3' 1000 1600
13 1600 2500 2'30" 1250 2000
14 0 10 1° 0 200
14 10 16 50' 160 250
14 16 25 40' 200 320
14 25 40 32' 250 400
14 40 63 26' 320 500
14 63 100 20' 400 630
14 100 160 16' 500 800
14 160 250 12' 630 1000
14 250 400 10' 800 1250
14 400 630 8' 1000 1600
14 630 1000 6' 1250 2000
14 1000 1600 5' 1600 2500
14 1600 2500 4' 2000 3200
15 0 10 1°40' 0 320
15 10 16 1°20' 250 400
15 16 25 1° 320 500
15 25 40 50' 400 630
15 40 63 40' 500 800
15 63 100 32' 630 1000
15 100 160 26' 800 1250
15 160 250 20' 1000 1600
15 250 400 16' 1250 2000
15 400 630 12' 1600 2500
15 630 1000 10' 2000 3200
15 1000 1600 8' 2500 4000
15 1600 2500 6' 3200 5000
16 0 10 2° 0 500
16 10 16 1° 400 630
16 16 25 1° 500 800
16 25 40 1° 630 1000
16 40 63 40' 800 1250
16 63 100 40' 1000 1600
16 100 160 40' 1250 2000
16 160 250 20' 1600 2500
16 250 400 20' 2000 3200
16 400 630 20' 2500 4000
16 630 1000 10' 3200 5000
16 1000 1600 10' 4000 6300
16 1600 2500 10' 5000 8000
17 0 10 4° 0 800
17 10 16 2° 630 1000
17 16 25 2° 800 1250
17 25 40 2° 1000 1600
17 40 63 1°20' 1250 2000
17 63 100 1°20' 1600 2500
17 100 160 1°20' 2000 3200
17 160 250 40' 2500 4000
17 250 400 40' 3200 5000
17 400 630 40' 4000 6300
17 630 1000 20' 5000 8000
17 1000 1600 20' 6300 10000
17 1600 2500 20' 8000 12500