3 0 3-0.004-0.006
3 3 6-0.0070-0.0095
3 6 10-0.0090-0.0115
3 10 18-0.011-0.014
3 18 30-0.0135-0.0175
3 30 50-0.0155-0.0195
4 0 3-0.004-0.007
4 3 6-0.0065-0.0105
4 6 10-0.0085-0.0125
4 10 18-0.010-0.015
4 18 30-0.013-0.019
4 30 50-0.014-0.021
5 0 1-0.004-0.008
5 1 3-0.004-0.008
5 3 6-0.007-0.012
5 6 10-0.008-0.014
5 10 18-0.009-0.017
5 18 30-0.012-0.021
5 30 50-0.013-0.024
5 50 80-0.015-0.028
5 80 120-0.018-0.033
5 120 180-0.021-0.039
5 180 250-0.025-0.045
5 250 315-0.027-0.050
5 315 400-0.030-0.055
5 400 500-0.033-0.060
6 0 1-0.004-0.010
6 1 3-0.004-0.010
6 3 6-0.005-0.013
6 6 10-0.007-0.016
6 10 18-0.009-0.020
6 18 30-0.011-0.024
6 30 50-0.012-0.028
6 50 80-0.014-0.033
6 80 120-0.016-0.038
6 120 180-0.020-0.045
6 180 250-0.022-0.051
6 250 315-0.025-0.057
6 315 400-0.026-0.062
6 400 500-0.027-0.067
6 500 630-0.044-0.088
6 630 800-0.05-0.10
6 800 1000-0.056-0.112
6 1000 1250-0.066-0.132
6 1250 1600-0.078-0.156
6 1600 2000-0.092-0.184
6 2000 2500-0.11-0.22
6 2500 3150-0.135-0.270
7 0 1-0.004-0.014
7 1 3-0.004-0.014
7 3 6-0.004-0.016
7 6 10-0.004-0.019
7 10 18-0.005-0.023
7 18 30-0.007-0.028
7 30 50-0.008-0.033
7 50 80-0.009-0.039
7 80 120-0.010-0.045
7 120 180-0.012-0.052
7 180 250-0.014-0.060
7 250 315-0.014-0.066
7 315 400-0.016-0.073
7 400 500-0.017-0.080
7 500 630-0.044-0.114
7 630 800-0.05-0.13
7 800 1000-0.056-0.146
7 1000 1250-0.066-0.171
7 1250 1600-0.078-0.203
7 1600 2000-0.092-0.242
7 2000 2500-0.110-0.285
7 2500 3150-0.135-0.345
8 0 1-0.004-0.018
8 1 3-0.004-0.018
8 3 6-0.002-0.020
8 6 10-0.003-0.025
8 10 18-0.003-0.030
8 18 30-0.003-0.036
8 30 50-0.003-0.042
8 50 80-0.004-0.050
8 80 120-0.004-0.058
8 120 180-0.004-0.067
8 180 250-0.005-0.077
8 250 315-0.005-0.086
8 315 400-0.005-0.094
8 400 500-0.006-0.103
8 500 630-0.044-0.154
8 630 800-0.050-0.175
8 800 1000-0.056-0.196
8 1000 1250-0.066-0.231
8 1250 1600-0.078-0.273
8 1600 2000-0.092-0.322
8 2000 2500-0.11-0.39
8 2500 3150-0.135-0.465
9 1 3-0.004-0.029
9 3 6 -0.03
9 6 10 -0.036
9 10 18 -0.043
9 18 30 -0.052
9 30 50 -0.062
9 50 80 -0.074
9 80 120 -0.087
9 120 180 -0.1
9 180 250 -0.115
9 250 315 -0.13
9 315 400 -0.14
9 400 500 -0.155
9 500 630-0.044-0.219
9 630 800-0.05-0.25
9 800 1000-0.056-0.286
9 1000 1250-0.066-0.326
9 1250 1600-0.078-0.388
9 1600 2000-0.092-0.462
9 2000 2500-0.11-0.55
9 2500 3150-0.135-0.675
10 1 3-0.004-0.044
10 3 6 -0.048
10 6 10 -0.058
10 10 18 -0.07
10 18 30 -0.084
10 30 50 -0.1
10 50 80 -0.12
10 80 120 -0.14
10 120 180 -0.16
10 180 250 -0.185
10 250 315 -0.21
10 315 400 -0.23
10 400 500 -0.25
11 1 3-0.004-0.064
11 3 6 -0.075
11 6 10 -0.09
11 10 18 -0.11
11 18 30 -0.13
11 30 50 -0.16
11 50 80 -0.19
11 80 120 -0.22
11 120 180 -0.25
11 180 250 -0.29
11 250 315 -0.32
11 315 400 -0.36
11 400 500 -0.4
3 50 80-0.018-0.023
3 80 120-0.021-0.027
3 120 180-0.024-0.032
3 180 250-0.028-0.038
3 250 315-0.030-0.042
3 315 400-0.033-0.046
3 400 500-0.035-0.050
3 500 630-0.044-0.060
3 630 800-0.050-0.068
3 800 1000-0.056-0.077
3 1000 1250-0.066-0.090
3 1250 1600-0.078-0.107
3 1600 2000-0.092-0.127
3 2000 2500-0.110-0.151
3 2500 3150-0.135-0.185
4 50 80-0.017-0.025
4 80 120-0.019-0.029
4 120 180-0.023-0.035
4 180 250-0.027-0.041
4 250 315-0.030-0.046
4 315 400-0.032-0.050
4 400 500-0.035-0.055
4 500 630-0.044-0.066
4 630 800-0.050-0.075
4 800 1000-0.056-0.084
4 1000 1250-0.066-0.099
4 1250 1600-0.078-0.117
4 1600 2000-0.092-0.138
4 2000 2500-0.110-0.165
4 2500 3150-0.135-0.203
5 500 630-0.044-0.076
5 630 800-0.050-0.086
5 800 1000-0.056-0.096
5 1000 1250-0.066-0.113
5 1250 1600-0.078-0.133
5 1600 2000-0.092-0.157
5 2000 2500-0.110-0.188
5 2500 3150-0.135-0.231
10 500 630-0.044-0.324
10 630 800-0.05-0.37
10 800 1000-0.056-0.416
10 1000 1250-0.066-0.486
10 1250 1600-0.078-0.578
10 1600 2000-0.092-0.692
10 2000 2500-0.11-0.81
10 2500 3150-0.135-0.995
11 500 630-0.044-0.484
11 630 800-0.05-0.55
11 800 1000-0.056-0.616
11 1000 1250-0.066-0.726
11 1250 1600-0.078-0.858
11 1600 2000-0.092-1.012
11 2000 2500-0.11-1.21
11 2500 3150-0.135-1.485
01 0 1-0.0040-0.0043
01 1 3-0.0040-0.0043
01 3 6-0.0076-0.0080
01 6 10-0.0096-0.0100
01 10 18-0.0115-0.0120
01 18 30-0.0144-0.0150
01 30 50-0.0164-0.0170
01 50 80-0.0192-0.0200
01 80 120-0.022-0.023
01 120 180-0.0258-0.0270
01 180 250-0.029-0.031
01 250 315-0.0315-0.0340
01 315 400-0.034-0.037
01 400 500-0.036-0.040
0 0 1-0.0040-0.0045
0 1 3-0.0040-0.0045
0 3 6-0.0078-0.0084
0 6 10-0.0098-0.0104
0 10 18-0.0117-0.0125
0 18 30-0.0146-0.0156
0 30 50-0.0166-0.0176
0 50 80-0.0196-0.0208
0 80 120-0.0225-0.0240
0 120 180-0.0262-0.0282
0 180 250-0.030-0.033
0 250 315-0.0325-0.0365
0 315 400-0.035-0.040
0 400 500-0.038-0.044
1 0 1-0.0040-0.0048
1 1 3-0.0040-0.0048
1 3 6-0.0076-0.0086
1 6 10-0.0096-0.0106
1 10 18-0.0116-0.0128
1 18 30-0.0145-0.0160
1 30 50-0.0165-0.0180
1 50 80-0.0192-0.0212
1 80 120-0.0220-0.0245
1 120 180-0.0255-0.0290
1 180 250-0.0295-0.0340
1 250 315-0.032-0.038
1 315 400-0.035-0.042
1 400 500-0.038-0.046
1 500 630-0.044-0.053
1 630 800-0.05-0.06
1 800 1000-0.056-0.067
1 1000 1250-0.066-0.079
1 1250 1600-0.078-0.093
1 1600 2000-0.092-0.110
1 2000 2500-0.110-0.132
1 2500 3150-0.135-0.161
2 0 1-0.0040-0.0052
2 1 3-0.0040-0.0052
2 3 6-0.0075-0.0090
2 6 10-0.0095-0.0110
2 10 18-0.0112-0.0132
2 18 30-0.0140-0.0165
2 30 50-0.0160-0.0185
2 50 80-0.019-0.022
2 80 120-0.0215-0.0255
2 120 180-0.0255-0.0305
2 180 250-0.0285-0.0355
2 250 315-0.032-0.040
2 315 400-0.035-0.044
2 400 500-0.038-0.048
2 500 630-0.044-0.055
2 630 800-0.050-0.063
2 800 1000-0.056-0.071
2 1000 1250-0.066-0.084
2 1250 1600-0.078-0.099
2 1600 2000-0.092-0.117
2 2000 2500-0.11-0.14
2 2500 3150-0.135-0.171
12 1 3-0.004-0.104
12 3 6 -0.12
12 6 10 -0.15
12 10 18 -0.18
12 18 30 -0.21
12 30 50 -0.25
12 50 80 -0.3
12 80 120 -0.35
12 120 180 -0.4
12 180 250 -0.46
12 250 315 -0.52
12 315 400 -0.57
12 400 500 -0.63
12 500 630-0.044-0.744
12 630 800-0.05-0.85
12 800 1000-0.056-0.956
12 1000 1250-0.066-1.116
12 1250 1600-0.078-1.328
12 1600 2000-0.092-1.592
12 2000 2500-0.11-1.86
12 2500 3150-0.135-2.235
13 1 3-0.004-0.144
13 3 6 -0.18
13 6 10 -0.22
13 10 18 -0.27
13 18 30 -0.33
13 30 50 -0.39
13 50 80 -0.46
13 80 120 -0.54
13 120 180 -0.63
13 180 250 -0.72
13 250 315 -0.81
13 315 400 -0.89
13 400 500 -0.97
13 500 630-0.044-1.144
13 630 800-0.05-1.30
13 800 1000-0.056-1.456
13 1000 1250-0.066-1.716
13 1250 1600-0.078-2.028
13 1600 2000-0.092-2.392
13 2000 2500-0.11-2.91
13 2500 3150-0.135-3.435
14 1 3-0.004-0.254
14 3 6 -0.3
14 6 10 -0.36
14 10 18 -0.43
14 18 30 -0.52
14 30 50 -0.62
14 50 80 -0.74
14 80 120 -0.87
14 120 180 -1
14 180 250 -1.15
14 250 315 -1.3
14 315 400 -1.4
14 400 500 -1.55
14 500 630-0.044-1.794
14 630 800-0.05-2.05
14 800 1000-0.056-2.356
14 1000 1250-0.066-2.666
14 1250 1600-0.078-3.178
14 1600 2000-0.092-3.792
14 2000 2500-0.11-4.51
14 2500 3150-0.135-5.535
15 1 3-0.004-0.404
15 3 6 -0.48
15 6 10 -0.58
15 10 18 -0.7
15 18 30 -0.84
15 30 50 -1
15 50 80 -1.2
15 80 120 -1.4
15 120 180 -1.6
15 180 250 -1.85
15 250 315 -2.1
15 315 400 -2.3
15 400 500 -2.5
15 500 630-0.044-2.844
15 630 800-0.05-3.25
15 800 1000-0.056-3.656
15 1000 1250-0.066-4.266
15 1250 1600-0.078-5.078
15 1600 2000-0.092-6.092
15 2000 2500-0.11-7.11
15 2500 3150-0.135-8.735
16 1 3-0.004-0.604
16 3 6 -0.75
16 6 10 -0.9
16 10 18 -1.1
16 18 30 -1.3
16 30 50 -1.6
16 50 80 -1.9
16 80 120 -2.2
16 120 180 -2.5
16 180 250 -2.9
16 250 315 -3.2
16 315 400 -3.6
16 400 500 -4
16 500 630-0.044-4.444
16 630 800-0.05-5.05
16 800 1000-0.056-5.656
16 1000 1250-0.066-6.666
16 1250 1600-0.078-7.878
16 1600 2000-0.092-9.292
16 2000 2500-0.11-11.11
16 2500 3150-0.135-13.635
17 1 3-0.004-1.004
17 3 6 -1.2
17 6 10 -1.5
17 10 18 -1.8
17 18 30 -2.1
17 30 50 -2.5
17 50 80 -3
17 80 120 -3.5
17 120 180 -4
17 180 250 -4.6
17 250 315 -5.2
17 315 400 -5.7
17 400 500 -6.3
17 500 630-0.044-7.044
17 630 800-0.05-8.05
17 800 1000-0.056-9.056
17 1000 1250-0.066-10.566
17 1250 1600-0.078-12.578
17 1600 2000-0.092-15.092
17 2000 2500-0.11-17.61
17 2500 3150-0.135-21.135
18 1 3-0.004-1.404
18 3 6 -1.8
18 6 10 -2.2
18 10 18 -2.7
18 18 30 -3.3
18 30 50 -3.9
18 50 80 -4.6
18 80 120 -5.4
18 120 180 -6.3
18 180 250 -7.2
18 250 315 -8.1
18 315 400 -8.9
18 400 500 -9.7
18 500 630-0.044-11.044
18 630 800-0.05-12.55
18 800 1000-0.056-14.056
18 1000 1250-0.066-16.566
18 1250 1600-0.078-19.578
18 1600 2000-0.092-23.092
18 2000 2500-0.11-28.11
18 2500 3150-0.135-33.135
18 2500 3150-0.135-33.135
