           Размеры метрических резьб в мм.
     (по ГОСТ 9150-81, ГОСТ 8724-81, ГОСТ24705-81)
+-------------+----+-------+-------+-------+-------+-----+
|Обозначение  |Шаг |Наpуж- |Cредний|Внутрен|Высота |Фаска|
|  pезьбы     |    | ный   |диаметр| ний   |профиля|     |
|             |    |диаметp|       |диаметp|       |     |
|             |    |       |       |       |       |     |
+-------------+----+-------+-------+-------+-------+-----+
| M2          |0.4 |  2    |   1.74|  1.567|  0.216| 0.3 |
| M2.5        |0.45|  2.5  |  2.208|  2.013|  0.243| 0.3 |
| M2.5x0.35   |0.35|  2.5  |  2.273|  2.121|  0.189| 0.3 |
| M3          |0.5 |  3    |  2.675|  2.459|  0.270| 0.5 |
| M3x0.35     |0.35|  3    |  2.773|  2.621|  0.189| 0.3 |
|    M3.5     |0.6 |  3.5  |  3.110|  2.850|  0.325| 0.5 |
|    M3.5x0.35|0.35|  3.5  |  3.273|  3.121|  0.189| 0.3 |
| M4          |0.7 |  4    |  3.546|  3.242|  0.379| 0.5 |
| M4x0.5      |0.5 |  4    |  3.675|  3.459|  0.270| 0.5 |
|    M4.5     |0.75|  4.5  |  4.013|  3.688|  0.406| 1   |
|    M4.5x0.5 |0.5 |  4.5  |  4.175|  3.959|  0.270| 0.5 |
| M5          |0.8 |  5    |  4.480|  4.134|  0.433| 1   |
| M5x0.5      |0.5 |  5    |  4.675|  4.459|  0.270| 0.5 |
| M6          |1   |  6    |  5.350|  4.918|  0.541| 1   |
| M6x0.75     |0.75|  6    |  5.513|  5.188|  0.406| 1   |
| M6x0.5      |0.5 |  6    |  5.675|  5.459|  0.270| 0.5 |
| M8          |1.25|  8    |  7.188|  6.647|  0.676| 1.6 |
| M8x1        |1   |  8    |  7.350|  6.918|  0.541| 1   |
| M8x0.75     |0.75|  8    |  7.513|  7.188|  0.406| 1   |
| M8x0.5      |0.5 |  8    |  7.675|  7.459|  0.270| 0.5 |
| M10         |1.5 |  10   |  9.026|  8.376|  0.812| 1.6 |
| M10x1.25    |1.25|  10   |  9.188|  8.647|  0.676| 1.6 |
| M10x1       |1   |  10   |  9.350|  8.918|  0.541| 1   |
| M10x0.75    |0.75|  10   |  9.513|  9.188|  0.406| 1   |
| M10x0.5     |0.5 |  10   |  9.675|  9.459|  0.270| 0.5 |
| M12         |1.75|  12   | 10.863| 10.106|  0.947| 1.6 |
| M12x1.5     |1.5 |  12   | 11.026| 10.376|  0.812| 1.6 |
| M12x1.25    |1.25|  12   | 11.188| 10.647|  0.676| 1.6 |
| M12x1       |1   |  12   | 11.350| 10.918|  0.541| 1   |
| M12x0.75    |0.75|  12   | 11.513| 11.188|  0.406| 1   |
| M12x0.5     |0.5 |  12   | 11.675| 11.459|  0.270| 0.5 |
|    M14      |2   |  14   | 12.701| 11.835|  1.082| 2   |
|    M14x1.5  |1.5 |  14   | 13.026| 12.376|  0.812| 1.6 |
|    M14x1.25 |1.25|  14   | 13.188| 12.647|  0.676| 1.6 |
|    M14x1    |1   |  14   | 13.350| 12.918|  0.541| 1   |
|    M14x0.75 |0.75|  14   | 13.513| 13.188|  0.406| 1   |
|    M14x0.5  |0.5 |  14   | 13.675| 13.459|  0.270| 0.5 | 
| M16         |2   |  16   | 14.701| 13.835|  1.082| 2   |
| M16x1.5     |1.5 |  16   | 15.026| 14.376|  0.812| 1.6 |
| M16x1       |1   |  16   | 15.350| 14.918|  0.541| 1   |
| M16x0.75    |0.75|  16   | 15.513| 15.188|  0.406| 1   |
| M16x0.5     |0.5 |  16   | 15.675| 15.459|  0.270| 0.5 |
|    M18      |2.5 |  18   | 16.376| 15.294|  1.353| 2.5 |
|    M18x2    |2   |  18   | 16.701| 15.835|  1.082| 2   |
|    M18x1.5  |1.5 |  18   | 17.026| 16.376|  0.812| 1.6 |
|    M18x1    |1   |  18   | 17.350| 16.918|  0.541| 1   |
|    M18x0.75 |0.75|  18   | 17.513| 18.188|  0.406| 1   |
|    M18x0.5  |0.5 |  18   | 17.675| 17.459|  0.270| 0.5 |
| M20         |2.5 |  20   | 18.376| 17.294|  1.353| 2.5 |
| M20x2       |2   |  20   | 18.701| 17.835|  1.082| 2   |
| M20x1.5     |1.5 |  20   | 19.026| 18.376|  0.812| 1.6 |
| M20x1       |1   |  20   | 19.350| 18.918|  0.541| 1   |
| M20x0.75    |0.75|  20   | 19.513| 19.188|  0.406| 1   |
| M20x0.5     |0.5 |  20   | 19.675| 19.459|  0.270| 0.5 |
|    M22      |2.5 |  22   | 20.376| 19.294|  1.353| 2.5 |
|    M22x2    |2   |  22   | 20.701| 19.835|  1.082| 2   |
|    M22x1.5  |1.5 |  22   | 21.026| 20.376|  0.812| 1.6 |
|    M22x1    |1   |  22   | 21.350| 20.918|  0.541| 1   |
|    M22x0.75 |0.75|  22   | 21.513| 21.188|  0.406| 1   |
|    M22x0.5  |0.5 |  22   | 21.675| 21.459|  0.270| 0.5 |
| M24         |3   |  24   | 22.051| 20.752|  1.624| 2.5 |
| M24x2       |2   |  24   | 22.701| 21.835|  1.082| 2   |
| M24x1.5     |1.5 |  24   | 23.026| 22.376|  0.812| 1.6 |
| M24x1       |1   |  24   | 23.350| 22.918|  0.541| 1   |
| M24x0.75    |0.75|  24   | 23.513| 23.188|  0.406| 1   |
|    M27      |3   |  27   | 25.051| 23.752|  1.624| 2.5 |
|    M27x2    |2   |  27   | 25.701| 24.835|  1.082| 2   |
| M27x1.5     |1.5 |  27   | 26.026| 25.376|  0.812| 1.6 |
|    M27x1    |1   |  27   | 26.350| 25.918|  0.541| 1   |
|    M27x0.75 |0.75|  27   | 26.513| 26.188|  0.406| 1   |
| M30         |3.5 |  30   | 27.727| 26.211|  1.894| 2.5 |
|    M30x3    |3   |  30   | 28.051| 26.752|  1.624| 2.5 |
| M30x2       |2   |  30   | 28.701| 27.835|  1.082| 2   |
| M30x1.5     |1.5 |  30   | 29.026| 28.376|  0.812| 1.6 |
| M30x1       |1   |  30   | 29.350| 28.918|  0.541| 1   |
| M30x0.75    |0.75|  30   | 29.513| 29.188|  0.406| 1   |
|    M33      |3.5 |  33   | 30.727| 29.211|  1.894| 2.5 |
|    M33x3    |3   |  33   | 31.051| 29.752|  1.624| 2.5 |
|    M33x2    |2   |  33   | 31.701| 30.835|  1.082| 2   |
|    M33x1.5  |1.5 |  33   | 32.026| 31.376|  0.812| 1.6 |
|    M33x1    |1   |  33   | 32.350| 31.918|  0.541| 1   |
|    M33x0.75 |0.75|  33   | 32.513| 32.188|  0.406| 1   |
| M36         |4   |  36   | 33.402| 31.670|  2.165| 3   |
| M36x3       |3   |  36   | 34.051| 32.752|  1.624| 2.5 |
| M36x2       |2   |  36   | 34.701| 33.835|  1.082| 2   |
| M36x1.5     |1.5 |  36   | 35.026| 34.376|  0.812| 1.6 |
| M36x1       |1   |  36   | 35.350| 34.918|  0.541| 1   |
|    M39      |4   |  39   | 36.402| 34.670|  2.165| 3   |
|    M39x3    |3   |  39   | 37.051| 35.752|  1.624| 2.5 |
|    M39x2    |2   |  39   | 37.701| 36.835|  1.082| 2   |
|    M39x1.5  |1.5 |  39   | 38.026| 37.376|  0.812| 1.6 |
|    M39x1    |1   |  39   | 38.350| 37.918|  0.541| 1   |
| M42         |4.5 |  42   | 39.077| 37.129|  2.435| 3   |
|    M42x4    |4   |  42   | 39.402| 37.670|  2.165| 3   |
| M42x3       |3   |  42   | 40.051| 38.752|  1.624| 2.5 |
| M42x2       |2   |  42   | 40.701| 39.835|  1.082| 2   |
| M42x1.5     |1.5 |  42   | 41.026| 40.376|  0.812| 1.6 |
| M42x1       |1   |  42   | 41.350| 40.918|  0.541| 1   |
|     M45     |4.5 |  45   | 42.077| 40.129|  2.435| 3   |
|    M45x4    |4   |  45   | 42.402| 40.670|  2.165| 3   |
|    M45x3    |3   |  45   | 43.051| 41.752|  1.624| 2.5 |
|    M45x2    |2   |  45   | 43.701| 42.835|  1.082| 2   |
|    M45x1.5  |1.5 |  45   | 44.026| 43.376|  0.812| 1.6 |
|    M45x1    |1   |  45   | 44.350| 43.918|  0.541| 1   |
| M48         |5   |  48   | 44.752| 42.587|  2.706| 4   |
|    M48x4    |4   |  48   | 45.402| 43.670|  2.165| 3   |
| M48x3       |3   |  48   | 46.051| 44.752|  1.624| 2.5 |
| M48x2       |2   |  48   | 46.701| 45.835|  1.082| 2   |
| M48x1.5     |1.5 |  48   | 47.026| 46.376|  0.812| 1.6 |
| M48x1       |1   |  48   | 47.350| 46.918|  0.541| 1   |
|    M52      |5   |  52   | 48.752| 46.587|  2.706| 4   |
|    M52x4    |4   |  52   | 49.402| 47.670|  2.165| 3   |
|    M52x3    |3   |  52   | 50.051| 48.752|  1.624| 2.5 |
|    M52x2    |2   |  52   | 50.701| 49.835|  1.082| 2   |
|    M52x1.5  |1.5 |  52   | 51.026| 50.376|  0.812| 1.6 |
|    M52x1    |1   |  52   | 51.350| 50.918|  0.541| 1   |
| M53x2       |2   |  53   | 51.701| 50.835|  1.082| 2   |
| M56         |5.5 |  56   | 52.428| 50.046|  2.977| 4   |
|    M56x4    |4   |  56   | 53.402| 51.670|  2.165| 3   |
| M56x3       |3   |  56   | 54.051| 52.752|  1.624| 2.5 |
| M56x1.5     |1.5 |  56   | 55.026| 54.376|  0.812| 1.6 |
| M56x1       |1   |  56   | 55.350| 54.918|  0.541| 1   |
|    M60      |5.5 |  60   | 56.428| 54.046|  2.977| 4   |
|    M60x4    |4   |  60   | 57.402| 55.670|  2.165| 3   |
|    M60x3    |3   |  60   | 58.051| 56.752|  1.624| 2.5 |
|    M60x2    |2   |  60   | 58.701| 57.835|  1.082| 2   |
|    M60x1.5  |1.5 |  60   | 59.026| 58.376|  0.812| 1.6 |
|    M60x1    |1   |  60   | 59.350| 58.918|  0.541| 1   |
| M64         |6   |  64   | 60.103| 57.505|  3.247| 4   |
| M64x4       |4   |  64   | 61.402| 59.670|  2.165| 3   |
| M64x3       |3   |  64   | 62.051| 60.752|  1.624| 2.5 |
| M64x2       |2   |  64   | 62.701| 61.835|  1.082| 2   |
| M64x1.5     |1.5 |  64   | 63.026| 62.376|  0.812| 1.6 |
| M64x1       |1   |  64   | 63.350| 62.918|  0.541| 1   |
|    M68      |6   |  68   | 64.103| 61.505|  3.247| 4   |
|    M68x3    |3   |  68   | 66.051| 64.752|  1.624| 2.5 |
|    M68x2    |2   |  68   | 66.701| 65.835|  1.082| 2   |
|    M68x1.5  |1.5 |  68   | 67.026| 66.376|  0.812| 1.6 |
|    M68x1    |1   |  68   | 67.350| 66.918|  0.541| 1   |
| M72x4       |4   |  72   | 69.402| 67.670|  2.165| 3   |
| M72x3       |3   |  72   | 70.051| 68.752|  1.624| 2.5 |
| M72x2       |2   |  72   | 70.701| 69.835|  1.082| 2   |
| M72x1.5     |1.5 |  72   | 71.026| 70.376|  0.812| 1.6 |
| M72x1       |1   |  72   | 71.350| 70.918|  0.541| 1   |
|    M76x4    |4   |  76   | 73.402| 71.670|  2.165| 3   |
|    M76x3    |3   |  76   | 74.051| 72.752|  1.624| 2.5 |
|    M76x2    |2   |  76   | 74.701| 73.835|  1.082| 2   |
|    M76x1.5  |1.5 |  76   | 75.026| 74.376|  0.812| 1.6 |
|    M76x1    |1   |  76   | 75.350| 74.918|  0.541| 1   |
| M80x4       |4   |  80   | 77.402| 75.670|  2.165| 3   |
| M80x3       |3   |  80   | 78.051| 76.752|  1.624| 2.5 |
| M80x2       |2   |  80   | 78.701| 77.835|  1.082| 2   |
| M80x1.5     |1.5 |  80   | 79.026| 78.376|  0.812| 1.6 |
| M80x1       |1   |  80   | 79.350| 78.918|  0.541| 1   |
|    M85x4    |4   |  85   | 82.402| 80.670|  2.165| 3   |
|    M85x3    |3   |  85   | 83.051| 81.752|  1.624| 2.5 |
|    M85x2    |2   |  85   | 83.701| 82.835|  1.082| 2   |
|    M85x1.5  |1.5 |  85   | 84.026| 83.376|  0.812| 1.6 |
| M90x4       |4   |  90   | 87.402| 85.670|  2.165| 3   |
| M90x3       |3   |  90   | 88.051| 86.752|  1.624| 2.5 |
| M90x2       |2   |  90   | 88.701| 87.835|  1.082| 2   |
| M90x1.5     |1.5 |  90   | 89.026| 88.376|  0.812| 1.6 |
|    M95x4    |4   |  95   | 92.402| 90.670|  2.165| 3   |
|    M95x3    |3   |  95   | 93.051| 91.752|  1.624| 2.5 |
|    M95x2    |2   |  95   | 93.701| 92.835|  1.082| 2   |
|    M95x1.5  |1.5 |  95   | 94.026| 93.376|  0.812| 1.6 |
| M100x4      |4   |  100  | 97.402| 95.670|  2.165| 3   |
| M100x3      |3   |  100  | 98.051| 96.752|  1.624| 2.5 |
| M100x2      |2   |  100  | 98.701| 97.835|  1.082| 2   |
| M100x1.5    |1.5 |  100  | 99.026| 98.376|  0.812| 1.6 |
|    M105x4   |4   |  105  |102.402|100.670|  2.165| 3   |
|    M105x3   |3   |  105  |103.051|101.752|  1.624| 2.5 |
|    M105x2   |2   |  105  |103.701|102.835|  1.082| 2   |
|    M105x1.5 |1.5 |  105  |104.026|103.376|  0.812| 1.6 |
| M110x4      |4   |  110  |107.402|105.670|  2.165| 3   |
| M110x3      |3   |  110  |108.051|106.752|  1.624| 2.5 |
| M110x2      |2   |  110  |108.701|107.835|  1.082| 2   |
| M110x1.5    |1.5 |  110  |109.026|108.376|  0.812| 1.6 |
|    M115x4   |4   |  115  |112.402|100.670|  2.165| 3   |
|    M115x3   |3   |  115  |113.051|111.752|  1.624| 2.5 |
|    M115x2   |2   |  115  |113.701|112.835|  1.082| 2   |
|    M115x1.5 |1.5 |  115  |114.026|113.376|  0.812| 1.6 |
|    M120x4   |4   |  120  |117.402|115.670|  2.165| 3   |
|    M120x3   |3   |  120  |118.051|116.752|  1.624| 2.5 |
|    M120x2   |2   |  120  |118.701|117.835|  1.082| 2   |
|    M120x1.5 |1.5 |  120  |119.026|118.376|  0.812| 1.6 |
| M125x4      |4   |  125  |122.402|120.670|  2.165| 3   |
| M125x3      |3   |  125  |123.051|121.752|  1.624| 2.5 |
| M125x2      |2   |  125  |123.701|122.835|  1.082| 2   |
| M125x1.5    |1.5 |  125  |124.026|123.376|  0.812| 1.6 |
|    M130x4   |4   |  130  |127.402|125.670|  2.165| 3   |
|    M130x3   |3   |  130  |128.051|126.752|  1.624| 2.5 |
|    M130x2   |2   |  130  |128.701|127.835|  1.082| 2   |
|    M130x1.5 |1.5 |  130  |129.026|128.376|  0.812| 1.6 |
| M140x4      |4   |  140  |137.402|135.670|  2.165| 3   |
| M140x3      |3   |  140  |138.051|136.752|  1.624| 2.5 |
| M140x2      |2   |  140  |138.701|137.835|  1.082| 2   |
| M140x1.5    |1.5 |  140  |139.026|138.376|  0.812| 1.6 |
|    M150x4   |4   |  150  |147.402|145.670|  2.165| 3   |
|    M150x3   |3   |  150  |148.051|146.752|  1.624| 2.5 |
|    M150x2   |2   |  150  |148.701|147.835|  1.082| 2   |
|    M150x1.5 |1.5 |  150  |149.026|148.376|  0.812| 1.6 |
| M160x4      |4   |  160  |157.402|155.670|  2.165| 3   |
| M160x3      |3   |  160  |158.051|156.752|  1.624| 2.5 |
| M160x2      |2   |  160  |158.701|157.835|  1.082| 2   |
|    M170x4   |4   |  170  |167.402|165.670|  2.165| 3   |
|    M170x3   |3   |  170  |168.051|166.752|  1.624| 2.5 |
|    M170x2   |2   |  170  |168.701|167.835|  1.082| 2   |
| M180x4      |4   |  180  |177.402|175.670|  2.165| 3   |
| M180x3      |3   |  180  |178.051|176.752|  1.624| 2.5 |
| M180x2      |2   |  180  |178.701|177.835|  1.082| 2   |
|    M190x4   |4   |  190  |187.402|185.670|  2.165| 3   |
|    M190x3   |3   |  190  |188.051|186.752|  1.624| 2.5 |
|    M190x2   |2   |  190  |188.701|187.835|  1.082| 2   |
| M200x4      |4   |  200  |197.402|195.670|  2.165| 3   |
| M200x3      |3   |  200  |198.051|196.752|  1.624| 2.5 |
| M200x2      |2   |  200  |198.701|197.835|  1.082| 2   | 
+-------------+----+-------+-------+-------+-------+-----+ 
