Нормы плавности работы. Коэффициент Fpb. ГОСТ 1643-81 
                                                    
+-------------+-------------------------+ ------------
| Модуль m,мм |           | Делительный |            |
|             | Степень   | диаметр, мм |  Значение  |
+-------------| точности  +-------------|   коеф-та  |
| MIN  | MAX  |           | MIN  | MAX  |            |
+-------------+-----------+-------------+------------+
|           Степень точности 5                       |
+-------------+-----------+-------------+------------+
|  1   |  3.5 |     5     |  0   |  125 |    5.6     |
|  3.5 |  6.3 |     5     |  0   |  125 |    7.5     |
|  6.3 |  10  |     5     |  0   |  125 |    8.5     |
|  10  |  16  |     5     |  0   |  125 |    -       |
+-------------+-----------+-------------+------------+
|  1   |  3.5 |     5     |  125 |  400 |    6.7     |
|  3.5 |  6.3 |     5     |  125 |  400 |    8.5     |
|  6.3 |  10  |     5     |  125 |  400 |    9.5     |
|  10  |  16  |     5     |  125 |  400 |    10      |
+-------------+-----------+-------------+------------+
|  1   |  3.5 |     5     |  400 |  800 |    7.5     |
|  3.5 |  6.3 |     5     |  400 |  800 |    8.5     |
|  6.3 |  10  |     5     |  400 |  800 |    10      |
|  10  |  16  |     5     |  400 |  800 |    12      |
+-------------+-----------+-------------+------------+
|  1   |  3.5 |     5     |  800 | 1600 |    8.5     |
|  3.5 |  6.3 |     5     |  800 | 1600 |    9.5     |
|  6.3 |  10  |     5     |  800 | 1600 |    10      |
|  10  |  16  |     5     |  800 | 1600 |    12      |
+-------------+-----------+-------------+------------+
|  1   |  3.5 |     5     | 1600 | 2500 |    9.5     |
|  3.5 |  6.3 |     5     | 1600 | 2500 |    10      |
|  6.3 |  10  |     5     | 1600 | 2500 |    12      |
|  10  |  16  |     5     | 1600 | 2500 |    13      |
+-------------+-----------+-------------+------------+
|  1   |  3.5 |     5     | 2500 | 4000 |    -       |
|  3.5 |  6.3 |     5     | 2500 | 4000 |    12      |
|  6.3 |  10  |     5     | 2500 | 4000 |    13      |
|  10  |  16  |     5     | 2500 | 4000 |    15      |
+-------------+-----------+-------------+------------+
|  1   |  3.5 |     5     | 4000 | 6300 |    -       |
|  3.5 |  6.3 |     5     | 4000 | 6300 |    -       |
|  6.3 |  10  |     5     | 4000 | 6300 |    14      |
|  10  |  16  |     5     | 4000 | 6300 |    16      |
+-------------+-----------+-------------+------------+
|           Степень точности 6                       |
+-------------+-----------+-------------+------------+
|  1   |  3.5 |     6     |  0   |  125 |    9.5     |
|  3.5 |  6.3 |     6     |  0   |  125 |    12      |
|  6.3 |  10  |     6     |  0   |  125 |    13      |
|  10  |  16  |     6     |  0   |  125 |    -       |
+-------------+-----------+-------------+------------+
|  1   |  3.5 |     6     |  125 |  400 |    10      |
|  3.5 |  6.3 |     6     |  125 |  400 |    13      |
|  6.3 |  10  |     6     |  125 |  400 |    15      |
|  10  |  16  |     6     |  125 |  400 |    17      |
+-------------+-----------+-------------+------------+
|  1   |  3.5 |     6     |  400 |  800 |    12      |
|  3.5 |  6.3 |     6     |  400 |  800 |    13      |
|  6.3 |  10  |     6     |  400 |  800 |    17      |
|  10  |  16  |     6     |  400 |  800 |    19      |
+-------------+-----------+-------------+------------+
|  1   |  3.5 |     6     |  800 | 1600 |    13      |
|  3.5 |  6.3 |     6     |  800 | 1600 |    15      |
|  6.3 |  10  |     6     |  800 | 1600 |    17      |
|  10  |  16  |     6     |  800 | 1600 |    19      |
+-------------+-----------+-------------+------------+
|  1   |  3.5 |     6     | 1600 | 2500 |    15      |
|  3.5 |  6.3 |     6     | 1600 | 2500 |    17      |
|  6.3 |  10  |     6     | 1600 | 2500 |    19      |
|  10  |  16  |     6     | 1600 | 2500 |    21      |
+-------------+-----------+-------------+------------+
|  1   |  3.5 |     6     | 2500 | 4000 |    -       |
|  3.5 |  6.3 |     6     | 2500 | 4000 |    19      |
|  6.3 |  10  |     6     | 2500 | 4000 |    21      |
|  10  |  16  |     6     | 2500 | 4000 |    24      |
+-------------+-----------+-------------+------------+
|  1   |  3.5 |     6     | 4000 | 6300 |    -       |
|  3.5 |  6.3 |     6     | 4000 | 6300 |    -       |
|  6.3 |  10  |     6     | 4000 | 6300 |    24      |
|  10  |  16  |     6     | 4000 | 6300 |    26      |
+-------------+-----------+-------------+------------+
|           Степень точности 7                       |
+-------------+-----------+-------------+------------+
|  1   |  3.5 |     7     |  0   |  125 |    13      |
|  3.5 |  6.3 |     7     |  0   |  125 |    17      |
|  6.3 |  10  |     7     |  0   |  125 |    19      |
|  10  |  16  |     7     |  0   |  125 |    -       |
|  16  |  25  |     7     |  0   |  125 |    -       |
+-------------+-----------+-------------+------------+
|  1   |  3.5 |     7     |  125 |  400 |    15      |
|  3.5 |  6.3 |     7     |  125 |  400 |    19      |
|  6.3 |  10  |     7     |  125 |  400 |    21      |
|  10  |  16  |     7     |  125 |  400 |    24      |
|  16  |  25  |     7     |  125 |  400 |    30      |
+-------------+-----------+-------------+------------+
|  1   |  3.5 |     7     |  400 |  800 |    17      |
|  3.5 |  6.3 |     7     |  400 |  800 |    19      |
|  6.3 |  10  |     7     |  400 |  800 |    24      |
|  10  |  16  |     7     |  400 |  800 |    26      |
|  16  |  25  |     7     |  400 |  800 |    34      |
+-------------+-----------+-------------+------------+
|  1   |  3.5 |     7     |  800 | 1600 |    19      |
|  3.5 |  6.3 |     7     |  800 | 1600 |    21      |
|  6.3 |  10  |     7     |  800 | 1600 |    24      |
|  10  |  16  |     7     |  800 | 1600 |    26      |
|  16  |  25  |     7     |  800 | 1600 |    34      |
+-------------+-----------+-------------+------------+
|  1   |  3.5 |     7     | 1600 | 2500 |    21      |
|  3.5 |  6.3 |     7     | 1600 | 2500 |    24      |
|  6.3 |  10  |     7     | 1600 | 2500 |    26      |
|  10  |  16  |     7     | 1600 | 2500 |    30      |
|  16  |  25  |     7     | 1600 | 2500 |    38      |
+-------------+-----------+-------------+------------+
|  1   |  3.5 |     7     | 2500 | 4000 |    -       |
|  3.5 |  6.3 |     7     | 2500 | 4000 |    26      |
|  6.3 |  10  |     7     | 2500 | 4000 |    30      |
|  10  |  16  |     7     | 2500 | 4000 |    34      |
|  16  |  25  |     7     | 2500 | 4000 |    38      |
+-------------+-----------+-------------+------------+
|  1   |  3.5 |     7     | 4000 | 6300 |    -       |
|  3.5 |  6.3 |     7     | 4000 | 6300 |    -       |
|  6.3 |  10  |     7     | 4000 | 6300 |    34      |
|  10  |  16  |     7     | 4000 | 6300 |    38      |
|  16  |  25  |     7     | 4000 | 6300 |    42      |
+-------------+-----------+-------------+------------+
|           Степень точности 8                       |
+-------------+-----------+-------------+------------+
|  1   |  3.5 |     8     |  0   |  125 |    19      |
|  3.5 |  6.3 |     8     |  0   |  125 |    24      |
|  6.3 |  10  |     8     |  0   |  125 |    26      |
|  10  |  16  |     8     |  0   |  125 |    -       |
|  16  |  25  |     8     |  0   |  125 |    -       | 
|  25  |  40  |     8     |  0   |  125 |    -       | 
+-------------+-----------+-------------+------------+
|  1   |  3.5 |     8     |  125 |  400 |    21      |
|  3.5 |  6.3 |     8     |  125 |  400 |    26      |
|  6.3 |  10  |     8     |  125 |  400 |    30      |
|  10  |  16  |     8     |  125 |  400 |    34      |
|  16  |  25  |     8     |  125 |  400 |    42      |
|  25  |  40  |     8     |  125 |  400 |    -       |
+-------------+-----------+-------------+------------+
|  1   |  3.5 |     8     |  400 |  800 |    24      |
|  3.5 |  6.3 |     8     |  400 |  800 |    26      |
|  6.3 |  10  |     8     |  400 |  800 |    34      |
|  10  |  16  |     8     |  400 |  800 |    38      |
|  16  |  25  |     8     |  400 |  800 |    48      |
|  25  |  40  |     8     |  400 |  800 |    60      |
+-------------+-----------+-------------+------------+
|  1   |  3.5 |     8     |  800 | 1600 |    26      |
|  3.5 |  6.3 |     8     |  800 | 1600 |    30      |
|  6.3 |  10  |     8     |  800 | 1600 |    34      |
|  10  |  16  |     8     |  800 | 1600 |    38      |
|  16  |  25  |     8     |  800 | 1600 |    48      |
|  25  |  40  |     8     |  800 | 1600 |    60      |
+-------------+-----------+-------------+------------+
|  1   |  3.5 |     8     | 1600 | 2500 |    30      |
|  3.5 |  6.3 |     8     | 1600 | 2500 |    34      |
|  6.3 |  10  |     8     | 1600 | 2500 |    38      |
|  10  |  16  |     8     | 1600 | 2500 |    42      |
|  16  |  25  |     8     | 1600 | 2500 |    53      |
|  25  |  40  |     8     | 1600 | 2500 |    67      |
+-------------+-----------+-------------+------------+
|  1   |  3.5 |     8     | 2500 | 4000 |    -       |
|  3.5 |  6.3 |     8     | 2500 | 4000 |    38      |
|  6.3 |  10  |     8     | 2500 | 4000 |    42      |
|  10  |  16  |     8     | 2500 | 4000 |    48      |
|  16  |  25  |     8     | 2500 | 4000 |    53      |
|  25  |  40  |     8     | 2500 | 4000 |    67      |
+-------------+-----------+-------------+------------+
|  1   |  3.5 |     8     | 4000 | 6300 |    -       |
|  3.5 |  6.3 |     8     | 4000 | 6300 |    -       |
|  6.3 |  10  |     8     | 4000 | 6300 |    48      |
|  10  |  16  |     8     | 4000 | 6300 |    53      |
|  16  |  25  |     8     | 4000 | 6300 |    60      |
|  25  |  40  |     8     | 4000 | 6300 |    75      | 
+-------------+-----------+-------------+------------+
|           Степень точности 9                       |
+-------------+-----------+-------------+------------+
|  1   |  3.5 |     9     |  0   |  125 |    26      |
|  3.5 |  6.3 |     9     |  0   |  125 |    34      |
|  6.3 |  10  |     9     |  0   |  125 |    38      |
|  10  |  16  |     9     |  0   |  125 |    -       |
|  16  |  25  |     9     |  0   |  125 |    -       |
|  25  |  40  |     9     |  0   |  125 |    -       |
|  40  |  55  |     9     |  0   |  125 |    -       |
+-------------+-----------+-------------+------------+
|  1   |  3.5 |     9     |  125 |  400 |    30      |
|  3.5 |  6.3 |     9     |  125 |  400 |    38      |
|  6.3 |  10  |     9     |  125 |  400 |    42      |
|  10  |  16  |     9     |  125 |  400 |    48      |
|  16  |  25  |     9     |  125 |  400 |    60      |
|  25  |  40  |     9     |  125 |  400 |    -       |
|  40  |  55  |     9     |  125 |  400 |    -       |
+-------------+-----------+-------------+------------+
|  1   |  3.5 |     9     |  400 |  800 |    34      |
|  3.5 |  6.3 |     9     |  400 |  800 |    38      |
|  6.3 |  10  |     9     |  400 |  800 |    45      |
|  10  |  16  |     9     |  400 |  800 |    53      |
|  16  |  25  |     9     |  400 |  800 |    67      |
|  25  |  40  |     9     |  400 |  800 |    85      |
|  40  |  55  |     9     |  400 |  800 |    106     |
+-------------+-----------+-------------+------------+
|  1   |  3.5 |     9     |  800 | 1600 |    38      |
|  3.5 |  6.3 |     9     |  800 | 1600 |    42      |
|  6.3 |  10  |     9     |  800 | 1600 |    48      |
|  10  |  16  |     9     |  800 | 1600 |    53      |
|  16  |  25  |     9     |  800 | 1600 |    67      |
|  25  |  40  |     9     |  800 | 1600 |    85      |
|  40  |  55  |     9     |  800 | 1600 |    118     |
+-------------+-----------+-------------+------------+
|  1   |  3.5 |     9     | 1600 | 2500 |    42      |
|  3.5 |  6.3 |     9     | 1600 | 2500 |    48      |
|  6.3 |  10  |     9     | 1600 | 2500 |    53      |
|  10  |  16  |     9     | 1600 | 2500 |    60      |
|  16  |  25  |     9     | 1600 | 2500 |    75      |
|  25  |  40  |     9     | 1600 | 2500 |    95      |
|  40  |  55  |     9     | 1600 | 2500 |    118     |
+-------------+-----------+-------------+------------+
|  1   |  3.5 |     9     | 2500 | 4000 |    -       |
|  3.5 |  6.3 |     9     | 2500 | 4000 |    53      |
|  6.3 |  10  |     9     | 2500 | 4000 |    60      |
|  10  |  16  |     9     | 2500 | 4000 |    67      |
|  16  |  25  |     9     | 2500 | 4000 |    75      |
|  25  |  40  |     9     | 2500 | 4000 |    95      |
|  40  |  55  |     9     | 2500 | 4000 |    132     |
+-------------+-----------+-------------+------------+
|  1   |  3.5 |     9     | 4000 | 6300 |    -       |
|  3.5 |  6.3 |     9     | 4000 | 6300 |    -       |
|  6.3 |  10  |     9     | 4000 | 6300 |    67      |
|  10  |  16  |     9     | 4000 | 6300 |    75      |
|  16  |  25  |     9     | 4000 | 6300 |    85      |
|  25  |  40  |     9     | 4000 | 6300 |    106     |
|  40  |  55  |     9     | 4000 | 6300 |    132     |
+-------------+-----------+-------------+------------+
|           Степень точности 10                      |
+-------------+-----------+-------------+------------+
|  1   |  3.5 |     10    |  0   |  125 |    38      |
|  3.5 |  6.3 |     10    |  0   |  125 |    48      |
|  6.3 |  10  |     10    |  0   |  125 |    53      |
|  10  |  16  |     10    |  0   |  125 |    -       |
|  16  |  25  |     10    |  0   |  125 |    -       |
|  25  |  40  |     10    |  0   |  125 |    -       |
|  40  |  55  |     10    |  0   |  125 |    -       |
+-------------+-----------+-------------+------------+
|  1   |  3.5 |     10    |  125 |  400 |    42      |
|  3.5 |  6.3 |     10    |  125 |  400 |    53      |
|  6.3 |  10  |     10    |  125 |  400 |    60      |
|  10  |  16  |     10    |  125 |  400 |    67      |
|  16  |  25  |     10    |  125 |  400 |    85      |
|  25  |  40  |     10    |  125 |  400 |    -       |
|  40  |  55  |     10    |  125 |  400 |    -       |
+-------------+-----------+-------------+------------+
|  1   |  3.5 |     10    |  400 |  800 |    48      |
|  3.5 |  6.3 |     10    |  400 |  800 |    53      |
|  6.3 |  10  |     10    |  400 |  800 |    67      |
|  10  |  16  |     10    |  400 |  800 |    75      |
|  16  |  25  |     10    |  400 |  800 |    95      |
|  25  |  40  |     10    |  400 |  800 |    118     |
|  40  |  55  |     10    |  400 |  800 |    150     |
+-------------+-----------+-------------+------------+
|  1   |  3.5 |     10    |  800 | 1600 |    53      |
|  3.5 |  6.3 |     10    |  800 | 1600 |    60      |
|  6.3 |  10  |     10    |  800 | 1600 |    67      |
|  10  |  16  |     10    |  800 | 1600 |    75      |
|  16  |  25  |     10    |  800 | 1600 |    95      |
|  25  |  40  |     10    |  800 | 1600 |    118     |
|  40  |  55  |     10    |  800 | 1600 |    150     |
+-------------+-----------+-------------+------------+
|  1   |  3.5 |     10    | 1600 | 2500 |    60      |
|  3.5 |  6.3 |     10    | 1600 | 2500 |    67      |
|  6.3 |  10  |     10    | 1600 | 2500 |    75      |
|  10  |  16  |     10    | 1600 | 2500 |    85      |
|  16  |  25  |     10    | 1600 | 2500 |    106     |
|  25  |  40  |     10    | 1600 | 2500 |    132     |
|  40  |  55  |     10    | 1600 | 2500 |    170     |
+-------------+-----------+-------------+------------+
|  1   |  3.5 |     10    | 2500 | 4000 |    -       |
|  3.5 |  6.3 |     10    | 2500 | 4000 |    75      |
|  6.3 |  10  |     10    | 2500 | 4000 |    85      |
|  10  |  16  |     10    | 2500 | 4000 |    95      |
|  16  |  25  |     10    | 2500 | 4000 |    106     |
|  25  |  40  |     10    | 2500 | 4000 |    132     |
|  40  |  55  |     10    | 2500 | 4000 |    170     |
+-------------+-----------+-------------+------------+
|  1   |  3.5 |     10    | 4000 | 6300 |    -       |
|  3.5 |  6.3 |     10    | 4000 | 6300 |    -       |
|  6.3 |  10  |     10    | 4000 | 6300 |    95      |
|  10  |  16  |     10    | 4000 | 6300 |    106     |
|  16  |  25  |     10    | 4000 | 6300 |    118     |
|  25  |  40  |     10    | 4000 | 6300 |    150     |
|  40  |  55  |     10    | 4000 | 6300 |    190     |
+-------------+-----------+-------------+------------+