ькхжебше щбнкэбемрмше янедхмемхъ цняр 6033-80,
               пюглепш Б лл
+------+-------+-----------+----------------+
|      |       | дхюлерп   |  нангмювемхе   |
|вхякн |лндскэ |нйпсфмнярх |                |
|гсаэеб|       | бшярсонб  |                |
+------+-------+-----------+----------------+
|       лндскэ 0.5         |                |
|------+-------+-----------+----------------|
|   6  |  0.5  |     4     |    4x0.5x6     |
|   8  |  0.5  |     5     |    5x0.5x8     |
|  10  |  0.5  |     6     |    6x0.5x10    |
|  12  |  0.5  |     7     |    7x0.5x12    |
|  14  |  0.5  |     8     |    8x0.5x14    |
|  16  |  0.5  |     9     |    9x0.5x16    |
|  18  |  0.5  |     10    |   10x0.5x18    |
|  22  |  0.5  |     12    |   12x0.5x22    |
|  26  |  0.5  |     14    |   14x0.5x26    |
|  28  |  0.5  |     15    |   15x0.5x28    |
|  30  |  0.5  |     16    |   16x0.5x30    |
|  32  |  0.5  |     17    |   17x0.5x32    |
|  34  |  0.5  |     18    |   18x0.5x34    |
|  38  |  0.5  |     20    |   20x0.5x38    |
|  42  |  0.5  |     22    |   22x0.5x42    |
|  48  |  0.5  |     25    |   25x0.5x48    |
|  54  |  0.5  |     28    |   28x0.5x54    |
|------+-------+-----------+----------------|
|       лндскэ 0.6         |                |
|------+-------+-----------+----------------|
|  8   |  0.6  |     6     |    6x0.6x8     |
|  10  |  0.6  |     7     |    7x0.6x10    |
|  12  |  0.6  |     8     |    8x0.6x12    |
|  13  |  0.6  |     9     |    9x0.6x13    |
|  15  |  0.6  |     10    |   10x0.6x15    |
|  18  |  0.6  |     12    |   12x0.6x18    |
|  22  |  0.6  |     14    |   14x0.6x22    |
|  23  |  0.6  |     15    |   15x0.6x23    |
|  25  |  0.6  |     16    |   16x0.6x25    |
|  27  |  0.6  |     17    |   17x0.6x27    |
|  28  |  0.6  |     18    |   18x0.6x28    |
|  32  |  0.6  |     20    |   20x0.6x32    |
|  35  |  0.6  |     22    |   22x0.6x35    |
|  40  |  0.6  |     25    |   25x0.6x40    |
|  45  |  0.6  |     28    |   28x0.6x45    |
|  48  |  0.6  |     30    |   30x0.6x48    |
|  52  |  0.6  |     32    |   32x0.6x52    |
|  57  |  0.6  |     35    |   35x0.6x57    |
|  62  |  0.6  |     38    |   38x0.6x62    |
|  64  |  0.6  |     40    |   40x0.6x64    |
|  68  |  0.6  |     42    |   42x0.6x68    |
|  74  |  0.6  |     45    |   45x0.6x74    |
|  78  |  0.6  |     48    |   48x0.6x78    |
|------+-------+-----------+----------------|
|       лндскэ 0.8         |                |
|------+-------+-----------+----------------|
|   6  |  0.8  |     6     |    6x0.8x6     |
|   7  |  0.8  |     7     |    7x0.8x7     |
|   8  |  0.8  |     8     |    8x0.8x8     |
|  10  |  0.8  |     9     |    9x0.8x10    |
|  11  |  0.8  |     10    |   10x0.8x11    |
|  13  |  0.8  |     12    |   12x0.8x13    |
|  16  |  0.8  |     14    |   14x0.8x16    |
|  17  |  0.8  |     15    |   15x0.8x17    |
|  18  |  0.8  |     16    |   16x0.8x18    |
|  20  |  0.8  |     17    |   17x0.8x20    |
|  21  |  0.8  |     18    |   18x0.8x21    |
|  23  |  0.8  |     20    |   20x0.8x23    |
|  26  |  0.8  |     22    |   22x0.8x26    |
|  30  |  0.8  |     25    |   25x0.8x30    |
|  34  |  0.8  |     28    |   28x0.8x34    |
|  36  |  0.8  |     30    |   30x0.8x36    |
|  38  |  0.8  |     32    |   32x0.8x38    |
|  42  |  0.8  |     35    |   35x0.8x42    |
|  46  |  0.8  |     38    |   38x0.8x46    |
|  48  |  0.8  |     40    |   40x0.8x48    |
|  51  |  0.8  |     42    |   42x0.8x51    |
|  55  |  0.8  |     45    |   45x0.8x55    |
|  58  |  0.8  |     48    |   48x0.8x58    |
|  60  |  0.8  |     50    |   50x0.8x60    |
|  64  |  0.8  |     52    |   52x0.8x64    |
|  66  |  0.8  |     55    |   55x0.8x66    |
|  70  |  0.8  |     58    |   58x0.8x70    |
|  74  |  0.8  |     60    |   60x0.8x74    |
|------+-------+-----------+----------------|
|       лндскэ 1           |                |
|------+-------+-----------+----------------|
|   6  |  1    |      8    |    8x1x6       |
|   7  |  1    |      9    |    9x1x7       |
|   8  |  1    |     10    |   10x1x8       |
|  10  |  1    |     12    |   12x1x10      |
|  12  |  1    |     14    |   14x1x12      |
|  13  |  1    |     15    |   15x1x13      |
|  14  |  1    |     16    |   16x1x14      |
|  15  |  1    |     17    |   17x1x15      |
|  16  |  1    |     18    |   18x1x16      |
|  18  |  1    |     20    |   20x1x18      |
|  20  |  1    |     22    |   22x1x20      |
|  24  |  1    |     25    |   25x1x24      |
|  26  |  1    |     28    |   28x1x26      |
|  28  |  1    |     30    |   30x1x28      |
|  30  |  1    |     32    |   32x1x30      |
|  34  |  1    |     35    |   35x1x34      |
|  36  |  1    |     38    |   38x1x36      |
|  38  |  1    |     40    |   40x1x38      |
|  40  |  1    |     42    |   42x1x40      |
|  44  |  1    |     45    |   45x1x44      |
|  46  |  1    |     48    |   48x1x46      |
|  48  |  1    |     50    |   50x1x48      |
|  50  |  1    |     52    |   52x1x50      |
|  54  |  1    |     55    |   55x1x54      |
|  56  |  1    |     58    |   58x1x56      |
|  58  |  1    |     60    |   60x1x58      |
|------+-------+-----------+----------------|
|       лндскэ 1.25        |                |
|------+-------+-----------+----------------|
|   6  |  1.25 |    10     |   10x1.25x6    |
|   8  |  1.25 |    12     |   12x1.25x8    |
|  10  |  1.25 |    14     |   14x1.25x10   |
|  10  |  1.25 |    15     |   15x1.25x10   |
|  11  |  1.25 |    16     |   16x1.25x11   |
|  12  |  1.25 |    17     |   17x1.25x12   |
|  13  |  1.25 |    18     |   18x1.25x13   |
|  14  |  1.25 |    20     |   20x1.25x14   |
|  16  |  1.25 |    22     |   22x1.25x16   |
|  18  |  1.25 |    25     |   25x1.25x18   |
|  21  |  1.25 |    28     |   28x1.25x21   |
|  22  |  1.25 |    30     |   30x1.25x22   |
|  24  |  1.25 |    32     |   32x1.25x24   |
|  26  |  1.25 |    35     |   35x1.25x26   |
|  29  |  1.25 |    38     |   38x1.25x29   |
|  30  |  1.25 |    40     |   40x1.25x30   |
|  32  |  1.25 |    42     |   42x1.25x32   |
|  34  |  1.25 |    45     |   45x1.25x34   |
|  37  |  1.25 |    48     |   48x1.25x37   |
|  38  |  1.25 |    50     |   50x1.25x38   |
|  40  |  1.25 |    52     |   52x1.25x40   |
|  42  |  1.25 |    55     |   55x1.25x42   |
|  45  |  1.25 |    58     |   58x1.25x45   |
|  46  |  1.25 |    60     |   60x1.25x46   |
|  48  |  1.25 |    62     |   62x1.25x48   |
|  50  |  1.25 |    65     |   65x1.25x50   |
|  53  |  1.25 |    68     |   68x1.25x53   |
|  54  |  1.25 |    70     |   70x1.25x54   |
|  56  |  1.25 |    72     |   72x1.25x56   |
|  58  |  1.25 |    75     |   75x1.25x58   |
|  60  |  1.25 |    78     |   78x1.25x60   |
|  62  |  1.25 |    80     |   80x1.25x62   |
|------+-------+-----------+----------------|
|       лндскэ 1.5         |                |
|------+-------+-----------+----------------|
|   6  |  1.5  |    12     |   12x1.5x6     |
|   8  |  1.5  |    14     |   14x1.5x8     |
|   8  |  1.5  |    15     |   15x1.5x8     |
|   9  |  1.5  |    16     |   16x1.5x9     |
|  10  |  1.5  |    17     |   17x1.5x10    |
|  10  |  1.5  |    18     |   18x1.5x10    |
|  12  |  1.5  |    20     |   20x1.5x12    |
|  13  |  1.5  |    22     |   22x1.5x13    |
|  15  |  1.5  |    25     |   25x1.5x15    |
|  17  |  1.5  |    28     |   28x1.5x17    |
|  18  |  1.5  |    30     |   30x1.5x18    |
|  20  |  1.5  |    32     |   32x1.5x20    |
|  22  |  1.5  |    35     |   35x1.5x22    |
|  24  |  1.5  |    38     |   38x1.5x24    |
|  25  |  1.5  |    40     |   40x1.5x25    |
|  26  |  1.5  |    42     |   42x1.5x26    |
|  28  |  1.5  |    45     |   45x1.5x28    |
|  30  |  1.5  |    48     |   48x1.5x30    |
|  32  |  1.5  |    50     |   50x1.5x32    |
|  33  |  1.5  |    52     |   52x1.5x33    |
|  35  |  1.5  |    55     |   55x1.5x35    |
|  37  |  1.5  |    58     |   58x1.5x37    |
|  38  |  1.5  |    60     |   60x1.5x38    |
|  40  |  1.5  |    62     |   62x1.5x40    |
|  42  |  1.5  |    65     |   65x1.5x42    |
|  44  |  1.5  |    68     |   68x1.5x44    |
|  45  |  1.5  |    70     |   70x1.5x45    |
|  46  |  1.5  |    72     |   72x1.5x46    |
|  48  |  1.5  |    75     |   75x1.5x48    |
|  50  |  1.5  |    78     |   78x1.5x50    |
|  52  |  1.5  |    80     |   80x1.5x52    |
|  53  |  1.5  |    82     |   82x1.5x53    |
|  55  |  1.5  |    85     |   85x1.5x55    |
|  57  |  1.5  |    88     |   88x1.5x57    |
|  58  |  1.5  |    90     |   90x1.5x58    |
|  60  |  1.5  |    92     |   92x1.5x60    |
|  62  |  1.5  |    95     |   95x1.5x62    |
|  64  |  1.5  |    98     |   98x1.5x64    |
|  64  |  1.5  |   100     |  100x1.5x64    |
|  68  |  1.5  |   105     |  105x1.5x68    |
|  72  |  1.5  |   110     |  110x1.5x72    |
|------+-------+-----------+----------------|
|       лндскэ 2           |                |
|------+-------+-----------+----------------|
|   6  |  2    |     15    |   15x2x6       |
|   6  |  2    |     16    |   16x2x6       |
|   7  |  2    |     17    |   17x2x7       |
|   7  |  2    |     18    |   18x2x7       |
|   8  |  2    |     20    |   20x2x8       |
|   9  |  2    |     22    |   22x2x9       |
|  11  |  2    |     25    |   25x2x11      |
|  12  |  2    |     28    |   28x2x12      |
|  13  |  2    |     30    |   30x2x13      |
|  14  |  2    |     32    |   32x2x14      |
|  16  |  2    |     35    |   35x2x16      |
|  18  |  2    |     38    |   38x2x18      |
|  18  |  2    |     40    |   40x2x18      |
|  20  |  2    |     42    |   42x2x20      |
|  21  |  2    |     45    |   45x2x21      |
|  22  |  2    |     48    |   48x2x22      |
|  24  |  2    |     50    |   50x2x24      |
|  24  |  2    |     52    |   52x2x24      |
|  26  |  2    |     55    |   55x2x26      |
|  28  |  2    |     58    |   58x2x28      |
|  28  |  2    |     60    |   60x2x28      |
|  30  |  2    |     62    |   62x2x30      |
|  31  |  2    |     65    |   65x2x31      |
|  32  |  2    |     68    |   68x2x32      |
|  34  |  2    |     70    |   70x2x34      |
|  34  |  2    |     72    |   72x2x34      |
|  36  |  2    |     75    |   75x2x36      |
|  38  |  2    |     78    |   78x2x38      |
|  38  |  2    |     80    |   80x2x38      |
|  40  |  2    |     82    |   82x2x40      |
|  41  |  2    |     85    |   85x2x41      |
|  42  |  2    |     88    |   88x2x42      |
|  44  |  2    |     90    |   90x2x44      |
|  44  |  2    |     92    |   92x2x44      |
|  46  |  2    |     95    |   95x2x46      |
|  48  |  2    |     98    |   98x2x48      |
|  48  |  2    |    100    |  100x2x48      |
|  51  |  2    |    105    |  105x2x51      |
|  54  |  2    |    110    |  110x2x54      |
|  58  |  2    |    120    |  120x2x58      |
|  64  |  2    |    130    |  130x2x64      |
|  68  |  2    |    140    |  140x2x68      |
|  74  |  2    |    150    |  150x2x74      |
|------+-------+-----------+----------------|
|       лндскэ 2.5         |                |
|------+-------+-----------+----------------|
|   6  |  2.5  |     20    |   20x2.5x6     |
|   7  |  2.5  |     22    |   22x2.5x7     |
|   8  |  2.5  |     25    |   25x2.5x8     |
|  10  |  2.5  |     28    |   28x2.5x10    |
|  10  |  2.5  |     30    |   30x2.5x10    |
|  11  |  2.5  |     32    |   35x2.5x11    |
|  12  |  2.5  |     35    |   35x2.5x12    |
|  14  |  2.5  |     38    |   38x2.5x14    |
|  14  |  2.5  |     40    |   40x2.5x14    |
|  15  |  2.5  |     42    |   42x2.5x15    |
|  16  |  2.5  |     45    |   45x2.5x16    |
|  18  |  2.5  |     48    |   48x2.5x18    |
|  18  |  2.5  |     50    |   50x2.5x18    |
|  19  |  2.5  |     52    |   52x2.5x19    |
|  20  |  2.5  |     55    |   55x2.5x20    |
|  22  |  2.5  |     58    |   58x2.5x22    |
|  22  |  2.5  |     60    |   60x2.5x22    |
|  23  |  2.5  |     62    |   62x2.5x23    |
|  24  |  2.5  |     65    |   65x2.5x24    |
|  26  |  2.5  |     68    |   68x2.5x26    |
|  26  |  2.5  |     70    |   70x2.5x26    |
|  27  |  2.5  |     72    |   72x2.5x27    |
|  28  |  2.5  |     75    |   75x2.5x28    |
|  30  |  2.5  |     78    |   78x2.5x30    |
|  30  |  2.5  |     80    |   80x2.5x30    |
|  31  |  2.5  |     82    |   82x2.5x31    |
|  32  |  2.5  |     85    |   85x2.5x32    |
|  34  |  2.5  |     88    |   88x2.5x34    |
|  34  |  2.5  |     90    |   90x2.5x34    |
|  35  |  2.5  |     92    |   92x2.5x35    |
|  36  |  2.5  |     95    |   95x2.5x36    |
|  38  |  2.5  |     98    |   98x2.5x38    |
|  38  |  2.5  |    100    |   100x2.5x38   |
|  40  |  2.5  |    105    |   105x2.5x40   |
|  42  |  2.5  |    110    |   110x2.5x42   |
|  46  |  2.5  |    120    |   120x2.5x46   |
|  50  |  2.5  |    130    |   130x2.5x50   |
|  54  |  2.5  |    140    |   140x2.5x54   |
|  58  |  2.5  |    150    |   150x2.5x58   |
|------+-------+-----------+----------------|
|       лндскэ 3           |                |
|------+-------+-----------+----------------|
|   6  |   3   |     22    |    22x3x6      |
|   7  |   3   |     25    |    25x3x7      |
|   8  |   3   |     28    |    28x3x8      |
|   8  |   3   |     30    |    30x3x8      |
|   9  |   3   |     32    |    32x3x9      |
|  10  |   3   |     35    |    35x3x10     |
|  11  |   3   |     38    |    38x3x11     |
|  12  |   3   |     40    |    40x3x12     |
|  12  |   3   |     42    |    42x3x12     |
|  13  |   3   |     45    |    45x3x13     |
|  14  |   3   |     48    |    48x3x14     |
|  15  |   3   |     50    |    50x3x15     |
|  16  |   3   |     52    |    52x3x16     |
|  17  |   3   |     55    |    55x3x17     |
|  18  |   3   |     58    |    58x3x18     |
|  18  |   3   |     60    |    60x3x18     |
|  19  |   3   |     62    |    62x3x19     |
|  20  |   3   |     65    |    65x3x20     |
|  21  |   3   |     68    |    68x3x21     |
|  22  |   3   |     70    |    70x3x22     |
|  22  |   3   |     72    |    72x3x22     |
|  24  |   3   |     75    |    75x3x24     |
|  24  |   3   |     78    |    78x3x24     |
|  25  |   3   |     80    |    80x3x25     |
|  26  |   3   |     82    |    82x3x26     |
|  27  |   3   |     85    |    85x3x27     |
|  28  |   3   |     88    |    88x3x28     |
|  28  |   3   |     90    |    90x3x28     |
|  29  |   3   |     92    |    92x3x29     |
|  30  |   3   |     95    |    95x3x30     |
|  31  |   3   |     98    |    98x3x31     |
|  32  |   3   |    100    |   100x3x32     |
|  34  |   3   |    105    |   105x3x34     |
|  35  |   3   |    110    |   110x3x35     |
|  38  |   3   |    120    |   120x3x38     |
|  42  |   3   |    130    |   130x3x42     |
|  45  |   3   |    140    |   140x3x45     |
|  48  |   3   |    150    |   150x3x48     |
|  52  |   3   |    160    |   160x3x52     |
|  55  |   3   |    170    |   170x3x55     |
|  58  |   3   |    180    |   180x3x58     |
|  62  |   3   |    190    |   190x3x62     |
|  65  |   3   |    200    |   200x3x65     |
|  69  |   3   |    210    |   210x3x69     |
|------+-------+-----------+----------------|
|       лндскэ 3.5         |                |
|------+-------+-----------+----------------|
|  12  |  3.5  |     45    |    45x3.5x12   |
|  12  |  3.5  |     48    |    48x3.5x12   |
|  12  |  3.5  |     50    |    50x3.5x12   |
|  12  |  3.5  |     52    |    52x3.5x12   |
|  14  |  3.5  |     55    |    55x3.5x14   |
|  14  |  3.5  |     58    |    58x3.5x14   |
|  16  |  3.5  |     60    |    60x3.5x16   |
|  16  |  3.5  |     62    |    62x3.5x16   |
|  18  |  3.5  |     65    |    65x3.5x18   |
|  18  |  3.5  |     68    |    68x3.5x18   |
|  18  |  3.5  |     70    |    70x3.5x18   |
|  20  |  3.5  |     72    |    72x3.5x20   |
|  20  |  3.5  |     75    |    75x3.5x20   |
|  21  |  3.5  |     78    |    78x3.5x21   |
|  22  |  3.5  |     80    |    80x3.5x22   |
|  22  |  3.5  |     82    |    82x3.5x22   |
|  24  |  3.5  |     85    |    85x3.5x24   |
|  24  |  3.5  |     88    |    88x3.5x24   |
|  24  |  3.5  |     90    |    90x3.5x24   |
|  25  |  3.5  |     92    |    92x3.5x25   |
|  26  |  3.5  |     95    |    95x3.5x26   |
|  26  |  3.5  |     98    |    98x3.5x26   |
|  28  |  3.5  |    100    |   100x3.5x28   |
|  29  |  3.5  |    105    |   105x3.5x29   |
|  30  |  3.5  |    110    |   110x3.5x30   |
|  34  |  3.5  |    120    |   120x3.5x34   |
|  36  |  3.5  |    130    |   130x3.5x36   |
|  38  |  3.5  |    140    |   140x3.5x38   |
|  42  |  3.5  |    150    |   150x3.5x42   |
|  44  |  3.5  |    160    |   160x3.5x44   |
|  48  |  3.5  |    170    |   170x3.5x48   |
|  50  |  3.5  |    180    |   180x3.5x50   |
|------+-------+-----------+----------------|
|       лндскэ 4           |                |
|------+-------+-----------+----------------|
|  6   |   4   |     32    |     32x4x6     |
|  7   |   4   |     35    |     35x4x7     |
|  8   |   4   |     38    |     38x4x8     |
|  8   |   4   |     40    |     40x4x8     |
|  9   |   4   |     42    |     42x4x9     |
|  10  |   4   |     45    |     45x4x10    |
|  10  |   4   |     48    |     48x4x10    |
|  11  |   4   |     50    |     50x4x11    |
|  11  |   4   |     52    |     52x4x11    |
|  12  |   4   |     55    |     55x4x12    |
|  13  |   4   |     58    |     58x4x13    |
|  13  |   4   |     60    |     60x4x13    |
|  14  |   4   |     62    |     62x4x14    |
|  15  |   4   |     65    |     65x4x15    |
|  15  |   4   |     68    |     68x4x15    |
|  16  |   4   |     70    |     70x4x16    |
|  16  |   4   |     72    |     72x4x16    |
|  17  |   4   |     75    |     75x4x17    |
|  18  |   4   |     78    |     78x4x18    |
|  18  |   4   |     80    |     80x4x18    |
|  19  |   4   |     82    |     82x4x19    |
|  20  |   4   |     85    |     85x4x20    |
|  20  |   4   |     88    |     88x4x20    |
|  21  |   4   |     90    |     90x4x21    |
|  22  |   4   |     92    |     92x4x22    |
|  22  |   4   |     95    |     95x4x22    |
|  23  |   4   |     98    |     98x4x23    |
|  24  |   4   |    100    |    100x4x24    |
|  25  |   4   |    105    |    105x4x25    |
|  26  |   4   |    110    |    110x4x26    |
|  28  |   4   |    120    |    120x4x28    |
|  31  |   4   |    130    |    130x4x31    |
|  34  |   4   |    140    |    140x4x34    |
|  36  |   4   |    150    |    150x4x36    |
|  38  |   4   |    160    |    160x4x38    |
|  41  |   4   |    170    |    170x4x41    |
|  44  |   4   |    180    |    180x4x44    |
|  46  |   4   |    190    |    190x4x46    |
|  48  |   4   |    200    |    200x4x48    |
|  51  |   4   |    210    |    210x4x51    |
|------+-------+-----------+----------------|
|       лндскэ 5           |                |
|------+-------+-----------+----------------|
|   6  |   5   |     40    |     40x5x6     |
|   7  |   5   |     42    |     42x5x7     |
|   7  |   5   |     45    |     45x5x7     |
|   8  |   5   |     48    |     48x5x8     |
|   8  |   5   |     50    |     50x5x8     |
|   9  |   5   |     52    |     52x5x9     |
|   9  |   5   |     55    |     55x5x9     |
|  10  |   5   |     58    |     58x5x10    |
|  10  |   5   |     60    |     60x5x10    |
|  11  |   5   |     62    |     62x5x11    |
|  11  |   5   |     65    |     65x5x11    |
|  12  |   5   |     68    |     68x5x12    |
|  12  |   5   |     70    |     70x5x12    |
|  13  |   5   |     72    |     72x5x13    |
|  13  |   5   |     75    |     75x5x13    |
|  14  |   5   |     78    |     78x5x14    |
|  14  |   5   |     80    |     80x5x14    |
|  15  |   5   |     82    |     82x5x15    |
|  15  |   5   |     85    |     85x5x15    |
|  16  |   5   |     88    |     88x5x16    |
|  16  |   5   |     90    |     90x5x16    |
|  17  |   5   |     92    |     92x5x17    |
|  18  |   5   |     95    |     95x5x18    |
|  18  |   5   |     98    |     98x5x18    |
|  18  |   5   |    100    |    100x5x18    |
|  20  |   5   |    105    |    105x5x20    |
|  20  |   5   |    110    |    110x5x20    |
|  22  |   5   |    120    |    120x5x22    |
|  24  |   5   |    130    |    130x5x24    |
|  26  |   5   |    140    |    140x5x26    |
|  28  |   5   |    150    |    150x5x28    |
|  30  |   5   |    160    |    160x5x30    |
|  32  |   5   |    170    |    170x5x32    |
|  34  |   5   |    180    |    180x5x34    |
|  36  |   5   |    190    |    190x5x36    |
|  38  |   5   |    200    |    200x5x38    |
|  40  |   5   |    210    |    210x5x40    |
|  42  |   5   |    220    |    220x5x42    |
|  46  |   5   |    240    |    240x5x46    |
|  48  |   5   |    250    |    250x5x48    |
|  50  |   5   |    260    |    260x5x50    |
|  54  |   5   |    280    |    280x5x54    |
|  58  |   5   |    300    |    300x5x58    |
|  62  |   5   |    320    |    320x5x62    |
|------+-------+-----------+----------------|
|       лндскэ 6           |                |
|------+-------+-----------+----------------|
|   6  |   6   |     48    |     48x6x6     |
|   7  |   6   |     50    |     50x6x7     |
|   7  |   6   |     52    |     52x6x7     |
|   8  |   6   |     55    |     55x6x8     |
|   8  |   6   |     58    |     58x6x8     |
|   8  |   6   |     60    |     60x6x8     |
|   9  |   6   |     62    |     62x6x9     |
|   9  |   6   |     65    |     65x6x9     |
|  10  |   6   |     68    |     68x6x10    |
|  10  |   6   |     70    |     70x6x10    |
|  10  |   6   |     72    |     72x6x10    |
|  11  |   6   |     75    |     75x6x11    |
|  11  |   6   |     78    |     78x6x11    |
|  12  |   6   |     80    |     80x6x12    |
|  12  |   6   |     82    |     82x6x12    |
|  13  |   6   |     85    |     85x6x13    |
|  13  |   6   |     88    |     88x6x13    |
|  13  |   6   |     90    |     90x6x13    |
|  14  |   6   |     92    |     92x6x14    |
|  14  |   6   |     95    |     95x6x14    |
|  15  |   6   |     98    |     98x6x15    |
|  15  |   6   |    100    |    100x6x15    |
|  16  |   6   |    105    |    105x6x16    |
|  17  |   6   |    110    |    110x6x17    |
|  18  |   6   |    120    |    120x6x18    |
|  20  |   6   |    130    |    130x6x20    |
|  22  |   6   |    140    |    140x6x22    |
|  24  |   6   |    150    |    150x6x24    |
|  25  |   6   |    160    |    160x6x25    |
|  27  |   6   |    170    |    170x6x27    |
|  28  |   6   |    180    |    180x6x28    |
|  30  |   6   |    190    |    190x6x30    |
|  32  |   6   |    200    |    200x6x32    |
|  34  |   6   |    210    |    210x6x34    |
|  35  |   6   |    220    |    220x6x35    |
|  38  |   6   |    240    |    240x6x38    |
|  40  |   6   |    250    |    250x6x40    |
|  42  |   6   |    260    |    260x6x42    |
|  45  |   6   |    280    |    280x6x45    |
|  48  |   6   |    300    |    300x6x48    |
|  52  |   6   |    320    |    320x6x52    |
|  55  |   6   |    340    |    340x6x55    |
|  58  |   6   |    360    |    360x6x58    |
|  62  |   6   |    380    |    380x6x62    |
|  65  |   6   |    400    |    400x6x65    |
|  68  |   6   |    420    |    420x6x68    |
|  72  |   6   |    440    |    440x6x72    |
|  75  |   6   |    460    |    460x6x75    |
|  78  |   6   |    480    |    480x6x78    |
|  82  |   6   |    500    |    500x6x82    |
|------+-------+-----------+----------------|
|       лндскэ 8           |                |
|------+-------+-----------+----------------|
|   6  |   8   |     60    |     60x8x6     |
|   7  |   8   |     70    |     70x8x7     |
|   8  |   8   |     75    |     75x8x8     |
|   8  |   8   |     80    |     80x8x8     |
|   9  |   8   |     85    |     85x8x9     |
|  10  |   8   |     90    |     90x8x10    |
|  10  |   8   |     95    |     95x8x10    |
|  11  |   8   |    100    |    100x8x11    |
|  12  |   8   |    105    |    105x8x12    |
|  12  |   8   |    110    |    110x8x12    |
|  13  |   8   |    120    |    120x8x13    |
|  15  |   8   |    130    |    130x8x15    |
|  16  |   8   |    140    |    140x8x16    |
|  17  |   8   |    150    |    150x8x17    |
|  18  |   8   |    160    |    160x8x18    |
|  20  |   8   |    170    |    170x8x20    |
|  21  |   8   |    180    |    180x8x21    |
|  22  |   8   |    190    |    190x8x22    |
|  24  |   8   |    200    |    200x8x24    |
|  25  |   8   |    210    |    210x8x25    |
|  26  |   8   |    220    |    220x8x26    |
|  28  |   8   |    240    |    240x8x28    |
|  30  |   8   |    250    |    250x8x30    |
|  31  |   8   |    260    |    260x8x31    |
|  34  |   8   |    280    |    280x8x34    |
|  36  |   8   |    300    |    300x8x36    |
|  38  |   8   |    320    |    320x8x38    |
|  41  |   8   |    340    |    340x8x41    |
|  44  |   8   |    360    |    360x8x44    |
|  46  |   8   |    380    |    380x8x46    |
|  48  |   8   |    400    |    400x8x48    |
|  51  |   8   |    420    |    420x8x51    |
|  54  |   8   |    440    |    440x8x54    |
|  56  |   8   |    460    |    460x8x56    |
|  58  |   8   |    480    |    480x8x58    |
|  61  |   8   |    500    |    500x8x61    |
|------+-------+-----------+----------------|
|       лндскэ 10          |                |
|------+-------+-----------+----------------|
|   6  |   10  |     80    |     80x10x6    |
|   7  |   10  |     85    |     85x10x7    |
|   7  |   10  |     90    |     90x10x7    |
|   8  |   10  |     95    |     95x10x8    |
|   8  |   10  |    100    |    100x10x8    |
|   9  |   10  |    105    |    105x10x9    |
|   9  |   10  |    110    |    110x10x9    |
|  10  |   10  |    120    |    120x10x10   |
|  11  |   10  |    130    |    130x10x11   |
|  12  |   10  |    140    |    140x10x12   |
|  13  |   10  |    150    |    150x10x13   |
|  14  |   10  |    160    |    160x10x14   |
|  15  |   10  |    170    |    170x10x15   |
|  16  |   10  |    180    |    180x10x16   |
|  17  |   10  |    190    |    190x10x17   |
|  18  |   10  |    200    |    200x10x18   |
|  20  |   10  |    210    |    210x10x20   |
|  20  |   10  |    220    |    220x10x20   |
|  22  |   10  |    240    |    240x10x22   |
|  24  |   10  |    250    |    250x10x24   |
|  24  |   10  |    260    |    260x10x24   |
|  26  |   10  |    280    |    280x10x26   |
|  28  |   10  |    300    |    300x10x28   |
|  30  |   10  |    320    |    320x10x30   |
|  32  |   10  |    340    |    340x10x32   |
|  34  |   10  |    360    |    360x10x34   |
|  36  |   10  |    380    |    380x10x36   |
|  38  |   10  |    400    |    400x10x38   |
|  40  |   10  |    420    |    420x10x40   |
|  42  |   10  |    440    |    440x10x42   |
|  44  |   10  |    450    |    450x10x44   |
|  44  |   10  |    460    |    460x10x44   |
|  46  |   10  |    480    |    480x10x46   |
|  48  |   10  |    500    |    500x10x48   |
+------+-------+-----------+----------------+