  Размеры трапециадальных резьб ГОСТ 9484-81 в мм.
+-------------+----+-------+-------+-------+------+
|Обозначение  |Шаг |Наpуж- |Cредний|Внутрен|Фаска |
|  pезьбы     |    | ный   |диаметр| ний   |      |
|             |    |диаметp|       |диаметp|      |
|             |    |       |       |       |      |
+-------------+----+-------+-------+-------+------+
|    8x1.5    |1.5 |  8    |  7.25 |  6.2  |  1   |
|    9x1.5    |1.5 |  9    |  8.25 |  7.2  |  1   |
|    10x1.5   |1.5 |  10   |  9.25 |  8.2  |  1   |
|   8x2       |2   |  8    |  7    |  5.5  |  1.6 |
|   9x2       |2   |  9    |  8    |  6.5  |  1.6 |
|   10x2      |2   |  10   |  9    |  7.5  |  1.6 |
|   11x2      |2   |  11   | 10    |  8.5  |  1.6 |
|   12x2      |2   |  12   | 11    |  9.5  |  1.6 |
|   14x2      |2   |  14   | 13    | 11.5  |  1.6 |
|   16x2      |2   |  16   | 15    | 13.5  |  1.6 |
|   18x2      |2   |  18   | 17    | 15.5  |  1.6 |
|   20x2      |2   |  20   | 19    | 17.5  |  1.6 |
|   22x2      |2   |  22   | 21    | 19.5  |  1.6 |
|   24x2      |2   |  24   | 23    | 21.5  |  1.6 |
|   26x2      |2   |  26   | 25    | 23.5  |  1.6 |
|   28x2      |2   |  28   | 27    | 25.5  |  1.6 |
|    11x3     |3   |  11   |  9.5  |  7.5  |  2   |
|    12x3     |3   |  12   | 10.5  |  8.5  |  2   |
|    14x3     |3   |  14   | 12.5  | 10.5  |  2   |
|    22x3     |3   |  22   | 20.5  | 18.5  |  2   |
|    24x3     |3   |  24   | 22.5  | 20.5  |  2   |
|    26x3     |3   |  26   | 24.5  | 22.5  |  2   |
|    28x3     |3   |  28   | 26.5  | 24.5  |  2   |
|    30x3     |3   |  30   | 28.5  | 26.5  |  2   |
|    32x3     |3   |  32   | 30.5  | 28.5  |  2   |
|    34x3     |3   |  34   | 32.5  | 30.5  |  2   |
|    36x3     |3   |  36   | 34.5  | 32.5  |  2   |
|    38x3     |3   |  38   | 36.5  | 34.5  |  2   |
|    40x3     |3   |  40   | 38.5  | 36.5  |  2   |
|    42x3     |3   |  42   | 40.5  | 38.5  |  2   |
|    44x3     |3   |  44   | 42.5  | 40.5  |  2   |
|    46x3     |3   |  46   | 44.5  | 42.5  |  2   |
|    48x3     |3   |  48   | 46.5  | 44.5  |  2   |
|    50x3     |3   |  50   | 48.5  | 46.5  |  2   |
|    52x3     |3   |  52   | 50.5  | 48.5  |  2   |
|    55x3     |3   |  55   | 53.5  | 51.5  |  2   |
|    60x3     |3   |  60   | 58.5  | 56.5  |  2   |
|   16x4      |4   |  16   | 14    | 11.5  |  2.5 |
|   18x4      |4   |  18   | 16    | 13.5  |  2.5 |
|   20x4      |4   |  20   | 18    | 15.5  |  2.5 |
|   65x4      |4   |  65   | 63    | 60.5  |  2.5 |
|   70x4      |4   |  70   | 68    | 65.5  |  2.5 |
|   75x4      |4   |  75   | 73    | 70.5  |  2.5 |
|   80x4      |4   |  80   | 78    | 75.5  |  2.5 |
|   85x4      |4   |  85   | 83    | 80.5  |  2.5 |
|   90x4      |4   |  90   | 88    | 85.5  |  2.5 |
|   95x4      |4   |  95   | 93    | 90.5  |  2.5 |
|   100x4     |4   | 100   | 98    | 95.5  |  2.5 |
|   110x4     |4   | 110   |108    |105.5  |  2.5 |
|    22x5     |5   |  22   | 19.5  | 16.5  |  3   |
|    24x5     |5   |  24   | 21.5  | 18.5  |  3   |
|    26x5     |5   |  26   | 23.5  | 20.5  |  3   |
|    28x5     |5   |  28   | 25.5  | 22.5  |  3   |
|    85x5     |5   |  85   | 82.5  | 79.5  |  3   |
|    90x5     |5   |  90   | 87.5  | 84.5  |  3   |
|    95x5     |5   |  95   | 92.5  | 89.5  |  3   |
|    100x5    |5   |  100  | 97.5  | 94.5  |  3   |
|    110x5    |5   |  110  |107.5  |104.5  |  3   |
|   30x6      |6   |  30   | 27    | 23    |  3.5 |
|   32x6      |6   |  32   | 29    | 25    |  3.5 |
|   34x6      |6   |  34   | 31    | 27    |  3.5 |
|   36x6      |6   |  36   | 33    | 29    |  3.5 |
|   38x6      |6   |  38   | 35    | 31    |  3.5 |
|   40x6      |6   |  40   | 37    | 33    |  3.5 |
|   42x6      |6   |  42   | 39    | 35    |  3.5 |
|   120x6     |6   |  120  |117    |113    |  3.5 |
|   130x6     |6   |  130  |127    |123    |  3.5 |
|   140x6     |6   |  140  |137    |133    |  3.5 |
|   150x6     |6   |  150  |147    |143    |  3.5 |
|   160x6     |6   |  160  |157    |153    |  3.5 |
|   170x6     |6   |  170  |167    |163    |  3.5 |
|    40x7     |7   |  40   | 36.5  | 32    |  4   |
|    42x7     |7   |  42   | 38.5  | 34    |  4   |
|    44x7     |7   |  44   | 40.5  | 36    |  4   |
|   22x8      |8   |  22   | 18    | 13    |  4.5 |
|   24x8      |8   |  24   | 20    | 15    |  4.5 |
|   26x8      |8   |  26   | 22    | 17    |  4.5 |
|   28x8      |8   |  28   | 24    | 19    |  4.5 |
|   44x8      |8   |  44   | 40    | 35    |  4.5 |
|   46x8      |8   |  46   | 42    | 37    |  4.5 |
|   48x8      |8   |  48   | 44    | 39    |  4.5 |
|   50x8      |8   |  50   | 46    | 41    |  4.5 |
|   52x8      |8   |  52   | 48    | 43    |  4.5 |
|   55x8      |8   |  55   | 51    | 46    |  4.5 |
|   60x8      |8   |  60   | 56    | 51    |  4.5 |
|   160x8     |8   |  160  |156    |151    |  4.5 |
|   170x8     |8   |  170  |166    |161    |  4.5 |
|   180x8     |8   |  180  |176    |171    |  4.5 |
|   190x8     |8   |  190  |186    |181    |  4.5 |
|   200x8     |8   |  200  |196    |191    |  4.5 |
|   210x8     |8   |  210  |206    |201    |  4.5 |
|   220x8     |8   |  220  |216    |211    |  4.5 |
|   230x8     |8   |  230  |226    |221    |  4.5 |
|   240x8     |8   |  240  |236    |231    |  4.5 |
|    30x10    |10  |  30   | 25    | 19    |  5.5 |
|    32x10    |10  |  32   | 27    | 21    |  5.5 |
|    34x10    |10  |  34   | 29    | 23    |  5.5 |
|    36x10    |10  |  36   | 31    | 25    |  5.5 |
|    38x10    |10  |  38   | 33    | 28    |  5.5 |
|    40x10    |10  |  40   | 35    | 29    |  5.5 |
|    42x10    |10  |  42   | 37    | 31    |  5.5 |
|    65x10    |10  |  65   | 60    | 54    |  5.5 |
|    70x10    |10  |  70   | 65    | 59    |  5.5 |
|    75x10    |10  |  75   | 70    | 64    |  5.5 |
|    80x10    |10  |  80   | 75    | 69    |  5.5 |
|    200x10   |10  |  200  |195    |189    |  5.5 |
|    210x10   |10  |  210  |205    |199    |  5.5 |
|    220x10   |10  |  220  |215    |209    |  5.5 |
|   44x12     |12  |  44   | 38    | 31    |  6.5 |
|   46x12     |12  |  46   | 40    | 33    |  6.5 |
|   48x12     |12  |  48   | 42    | 35    |  6.5 |
|   50x12     |12  |  50   | 44    | 37    |  6.5 |
|   52x12     |12  |  52   | 46    | 39    |  6.5 |
|   55x12     |12  |  55   | 49    | 42    |  6.5 |
|   60x12     |12  |  60   | 54    | 47    |  6.5 |
|   85x12     |12  |  85   | 79    | 72    |  6.5 |
|   90x12     |12  |  90   | 84    | 77    |  6.5 |
|   95x12     |12  |  95   | 89    | 82    |  6.5 |
|   100x12    |12  |  100  | 94    | 87    |  6.5 |
|   110x12    |12  |  110  |104    | 97    |  6.5 |
|   240x12    |12  |  240  |234    |227    |  6.5 |
|   250x12    |12  |  250  |244    |237    |  6.5 |
|   260x12    |12  |  260  |254    |247    |  6.5 |
|   270x12    |12  |  270  |264    |257    |  6.5 |
|   280x12    |12  |  280  |274    |267    |  6.5 |
|   290x12    |12  |  290  |284    |277    |  6.5 |
|   300x12    |12  |  300  |294    |287    |  6.5 |
|   320x12    |12  |  320  |314    |307    |  6.5 |
|   340x12    |12  |  340  |334    |327    |  6.5 |
|   360x12    |12  |  360  |354    |347    |  6.5 |
|   380x12    |12  |  380  |374    |367    |  6.5 |
|   400x12    |12  |  400  |394    |387    |  6.5 |
|    55x14    |14  |  55   | 48    | 39    |  8   |
|    60x14    |14  |  60   | 53    | 44    |  8   |
|    120x14   |14  |  120  |113    |104    |  8   |
|    130x14   |14  |  130  |123    |114    |  8   |
|    140x14   |14  |  140  |133    |124    |  8   |
|   65x16     |16  |  65   | 57    | 47    |  9   |
|   70x16     |16  |  70   | 62    | 52    |  9   |
|   75x16     |16  |  75   | 67    | 57    |  9   |
|   80x16     |16  |  80   | 72    | 62    |  9   |
|    120x16   |16  | 120   |112    |102    |  9   |
|    130x16   |16  | 130   |122    |112    |  9   |
|    140x16   |16  | 140   |132    |122    |  9   |
|    150x16   |16  | 150   |142    |132    |  9   |
|    160x16   |16  | 160   |152    |142    |  9   |
|    170x16   |16  | 170   |162    |152    |  9   |
|    160x16   |16  | 160   |152    |142    |  9   |
|    420x16   |16  | 420   |412    |402    |  9   |
|    440x16   |16  | 440   |432    |422    |  9   |
|    460x16   |16  | 460   |452    |442    |  9   |
|    480x16   |16  | 480   |472    |462    |  9   |
|    500x16   |16  | 500   |492    |482    |  9   |
|   85x18     |18  |  85   | 76    | 65    |  10  |
|   90x18     |18  |  90   | 81    | 70    |  10  |
|   95x18     |18  |  95   | 86    | 75    |  10  |
|    180x18   |18  | 180   |171    |160    |  10  |
|    190x18   |18  | 190   |181    |170    |  10  |
|    200x18   |18  | 200   |191    |180    |  10  |
|   85x20     |20  |  85   | 75    | 63    |  11  |
|   90x20     |20  |  90   | 80    | 68    |  11  |
|   95x20     |20  |  95   | 85    | 73    |  11  |
|   100x20    |20  | 100   | 90    | 78    |  11  |
|   110x20    |20  | 110   |100    | 88    |  11  |
|   180x20    |20  | 180   |170    |158    |  11  |
|   190x20    |20  | 190   |180    |168    |  11  |
|   200x20    |20  | 200   |190    |178    |  11  |
|   210x20    |20  | 210   |200    |180    |  11  |
|   220x20    |20  | 220   |210    |198    |  11  |
|   230x20    |20  | 230   |220    |208    |  11  |
|   520x20    |20  | 520   |510    |498    |  11  |
|   540x20    |20  | 540   |530    |518    |  11  |
|   560x20    |20  | 560   |550    |538    |  11  |
|   580x20    |20  | 580   |570    |558    |  11  |
|    120x22   |22  | 120   |109    | 96    |  12  |
|    130x22   |22  | 130   |119    |106    |  12  |
|    240x22   |22  | 240   |229    |216    |  12  |
|    250x22   |22  | 250   |239    |226    |  12  |
|    260x22   |22  | 260   |249    |236    |  12  |
|   120x24    |24  | 120   |108    | 94    |  13  |
|   130x24    |24  | 130   |118    |104    |  13  |
|   140x24    |24  | 140   |128    |114    |  13  |
|   150x24    |24  | 150   |138    |124    |  13  |
|   160x24    |24  | 160   |148    |134    |  13  |
|   170x24    |24  | 170   |158    |144    |  13  |
|   240x24    |24  | 240   |228    |214    |  13  |
|   250x24    |24  | 250   |238    |224    |  13  |
|   260x24    |24  | 260   |248    |234    |  13  |
|   270x24    |24  | 270   |258    |244    |  13  |
|   280x24    |24  | 280   |268    |254    |  13  |
|   290x24    |24  | 290   |278    |264    |  13  |
|   300x24    |24  | 300   |288    |274    |  13  |
|   600x24    |24  | 600   |588    |574    |  13  |
|   620x24    |24  | 620   |608    |594    |  13  |
|   640x24    |24  | 640   |628    |614    |  13  |
|    160x28   |28  | 160   |146    |130    |  16  |
|    170x28   |28  | 170   |156    |140    |  16  |
|    180x28   |28  | 180   |166    |150    |  16  |
|   180x32    |32  | 180   |164    |146    |  17  |
|   190x32    |32  | 190   |174    |156    |  17  |
|   200x32    |32  | 200   |184    |166    |  17  |
|   210x32    |32  | 210   |194    |176    |  17  |
|   220x32    |32  | 220   |204    |186    |  17  |
|    210x36   |36  | 210   |192    |172    |  20  |
|    220x36   |36  | 220   |202    |182    |  20  |
|    230x36   |36  | 230   |212    |192    |  20  |
|    240x36   |36  | 240   |222    |202    |  20  |
|   240x40    |40  | 240   |220    |198    |  21  |
|   250x40    |40  | 250   |230    |208    |  21  |
|   260x40    |40  | 260   |240    |218    |  21  |
|   270x40    |40  | 270   |250    |228    |  21  |
|   280x40    |40  | 280   |260    |238    |  21  |
|   300x40    |40  | 300   |280    |258    |  21  |
|    290x44   |44  | 290   |268    |244    |  25  |
|    300x44   |44  | 300   |278    |254    |  25  |
|   320x48    |48  | 320   |296    |270    |  25  |
|   340x48    |48  | 340   |316    |290    |  25  |
|   360x48    |48  | 360   |336    |310    |  25  |
|   380x48    |48  | 380   |356    |330    |  25  |
|   400x48    |48  | 400   |376    |350    |  25  |
+-------------+----+-------+-------+-------+------+
