       Размеры упорных  резьб в мм.
            (по ГОСТ 10177-82)
+-------------+----+-------+-------+-------+------+
|Обозначение  |Шаг |Наpуж- |Cредний|Внутрен|Фаска |
|  pезьбы     |    | ный   |диаметр| ний   |      |
|             |    |диаметp|       |диаметp|      |
|             |    |       |       |       |      |
+-------------+----+-------+-------+-------+------+
|  8x2        |2   |  8    |  7    |  5.5  |  1.6 |
|  10x2       |2   |  10   |  9    |  7.5  |  1.6 |
|  12x2       |2   |  12   | 11    |  9.5  |  1.6 |
|  14x2       |2   |  14   | 13    | 11.5  |  1.6 |
|  16x2       |2   |  16   | 15    | 13.5  |  1.6 |
|  18x2       |2   |  18   | 17    | 15.5  |  1.6 |
|  20x2       |2   |  20   | 19    | 17.5  |  1.6 |
|  22x2       |2   |  22   | 21    | 19.5  |  1.6 |
|  24x2       |2   |  24   | 23    | 21.5  |  1.6 |
|  26x2       |2   |  26   | 25    | 23.5  |  1.6 |
|  28x2       |2   |  28   | 27    | 25.5  |  1.6 |
|    10x3     |3   |  10   |  8.5  |  6.5  |  2   |
|    12x3     |3   |  12   | 10.5  |  8.5  |  2   |
|    14x3     |3   |  14   | 12.5  | 10.5  |  2   |
|    30x3     |3   |  30   | 28.5  | 26.5  |  2   |
|    32x3     |3   |  32   | 30.5  | 28.5  |  2   |
|    34x3     |3   |  34   | 32.5  | 30.5  |  2   |
|    36x3     |3   |  36   | 34.5  | 32.5  |  2   |
|    38x3     |3   |  38   | 36.5  | 34.5  |  2   |
|    40x3     |3   |  40   | 38.5  | 36.5  |  2   |
|    42x3     |3   |  42   | 40.5  | 38.5  |  2   |
|    44x3     |3   |  44   | 42.5  | 40.5  |  2   |
|    46x3     |3   |  46   | 44.5  | 42.5  |  2   |
|    48x3     |3   |  48   | 46.5  | 44.5  |  2   |
|    50x3     |3   |  50   | 48.5  | 46.5  |  2   |
|    52x3     |3   |  52   | 50.5  | 48.5  |  2   |
|    55x3     |3   |  55   | 53.5  | 51.5  |  2   |
|    60x3     |3   |  60   | 58.5  | 56.5  |  2   |
|  16x4       |4   |  16   | 14    | 11.5  |  2.5 |
|  18x4       |4   |  18   | 16    | 13.5  |  2.5 |
|  20x4       |4   |  20   | 18    | 15.5  |  2.5 |
|  65x4       |4   |  65   | 63    | 60.5  |  2.5 |
|  70x4       |4   |  70   | 68    | 65.5  |  2.5 |
|  75x4       |4   |  75   | 73    | 70.5  |  2.5 |
|  80x4       |4   |  80   | 78    | 75.5  |  2.5 |
|    22x5     |5   |  22   | 19.5  | 16.5  |  3   |
|    24x5     |5   |  24   | 21.5  | 18.5  |  3   |
|    26x5     |5   |  26   | 23.5  | 20.5  |  3   |
|    28x5     |5   |  28   | 25.5  | 22.5  |  3   |
|    85x5     |5   |  85   | 82.5  | 79.5  |  3   |
|    90x5     |5   |  90   | 87.5  | 84.5  |  3   |
|    95x5     |5   |  95   | 92.5  | 89.5  |  3   |
|    100x5    |5   |  100  | 97.5  | 94.5  |  3   |
|    110x5    |5   |  110  |107.5  |104.5  |  3   |
|  30x6       |6   |  30   | 27    | 23    |  3.5 |
|  32x6       |6   |  32   | 29    | 25    |  3.5 |
|  34x6       |6   |  34   | 31    | 27    |  3.5 |
|  36x6       |6   |  36   | 33    | 29    |  3.5 |
|  38x6       |6   |  38   | 35    | 31    |  3.5 |
|  40x6       |6   |  40   | 37    | 33    |  3.5 |
|  42x6       |6   |  42   | 39    | 35    |  3.5 |
|  120x6      |6   |  120  |117    |113    |  3.5 |
|  130x6      |6   |  130  |127    |123    |  3.5 |
|  140x6      |6   |  140  |137    |133    |  3.5 |
|  150x6      |6   |  150  |147    |143    |  3.5 |
|    22x8     |8   |  22   | 18    | 13    |  4.5 |
|    24x8     |8   |  24   | 20    | 15    |  4.5 |
|    26x8     |8   |  26   | 22    | 17    |  4.5 |
|    28x8     |8   |  28   | 24    | 19    |  4.5 |
|    44x8     |8   |  44   | 40    | 35    |  4.5 |
|    46x8     |8   |  46   | 42    | 37    |  4.5 |
|    48x8     |8   |  48   | 44    | 39    |  4.5 |
|    50x8     |8   |  50   | 46    | 41    |  4.5 |
|    52x8     |8   |  52   | 48    | 43    |  4.5 |
|    55x8     |8   |  55   | 51    | 46    |  4.5 |
|    60x8     |8   |  60   | 56    | 51    |  4.5 |
|    160x8    |8   |  160  |156    |151    |  4.5 |
|    170x8    |8   |  170  |166    |161    |  4.5 |
|    180x8    |8   |  180  |176    |171    |  4.5 |
|    190x8    |8   |  190  |186    |181    |  4.5 |
|  30x10      |10  |  30   | 25    | 19    |  5.5 |
|  32x10      |10  |  32   | 27    | 21    |  5.5 |
|  34x10      |10  |  34   | 29    | 23    |  5.5 |
|  36x10      |10  |  36   | 31    | 25    |  5.5 |
|  38x10      |10  |  38   | 33    | 28    |  5.5 |
|  40x10      |10  |  40   | 35    | 29    |  5.5 |
|  42x10      |10  |  42   | 37    | 31    |  5.5 |
|  65x10      |10  |  65   | 60    | 54    |  5.5 |
|  70x10      |10  |  70   | 65    | 59    |  5.5 |
|  75x10      |10  |  75   | 70    | 64    |  5.5 |
|  80x10      |10  |  80   | 75    | 69    |  5.5 |
|  200x10     |10  |  200  |195    |189    |  5.5 |
|  210x10     |10  |  210  |205    |199    |  5.5 |
|  220x10     |10  |  220  |215    |209    |  5.5 |
|    44x12    |12  |  44   | 38    | 31    |  6.5 |
|    46x12    |12  |  46   | 40    | 33    |  6.5 |
|    48x12    |12  |  48   | 42    | 35    |  6.5 |
|    50x12    |12  |  50   | 44    | 37    |  6.5 |
|    52x12    |12  |  52   | 46    | 39    |  6.5 |
|    55x12    |12  |  55   | 49    | 42    |  6.5 |
|    60x12    |12  |  60   | 54    | 47    |  6.5 |
|    85x12    |12  |  85   | 79    | 72    |  6.5 |
|    90x12    |12  |  90   | 84    | 77    |  6.5 |
|    95x12    |12  |  95   | 89    | 82    |  6.5 |
|    100x12   |12  |  100  | 94    | 87    |  6.5 |
|    110x12   |12  |  110  |104    | 97    |  6.5 |
|    240x12   |12  |  240  |234    |227    |  6.5 |
|    250x12   |12  |  250  |244    |237    |  6.5 |
|    260x12   |12  |  260  |254    |247    |  6.5 |
|    280x12   |12  |  280  |274    |267    |  6.5 |
+-------------+----+-------+-------+-------+------+

